accx,accy,accz
0.0094602,-0.0163224,-0.0634143
0.0271684,0.0163337,0.0009612
0.0026235,0.0312735,0.0174357
-0.0196684,0.0156622,0.0010531
-0.0119531,0.0004459,-0.0058786
-0.0004153,-0.0093776,0.0074235
0.0057939,0.0013867,0.0225888
-0.0008796,0.0086133,0.0064143
-0.0119,0.0045306,0.0215653
-0.0091173,0.0068939,0.0404378
-0.018049,0.0251245,0.0253398
-0.024701,0.0315704,-0.0102041
-0.0276296,0.0502816,-0.0246949
-0.0650173,0.1040143,0.0077194
-0.0534439,0.0891765,0.0482224
-0.0399582,0.0463041,0.0983306
-0.00265,-0.000751,0.1169837
0.0454806,-0.028598,0.0632939
0.0893745,-0.077998,-0.0022102
0.1645714,-0.1402459,-0.0143051
0.1319153,-0.0587541,-0.0822633
0.2022724,-0.2770857,-0.1262602
0.0972612,-0.5064714,0.0096398
0.0797,-0.1363918,-0.2366031
-0.0202418,0.0984714,-0.224851
-0.0559071,0.1011929,-0.1137592
-0.0370449,0.0221112,0.0422796
-0.0212429,0.0293378,-0.1170276
0.01015,0.1029582,0.1472398
-0.0432939,0.0875296,0.0998592
0.0287694,-0.0308714,0.0837653
0.1083194,-0.0986929,0.1518755
0.1298204,-0.0438173,0.1853684
0.0593908,0.0561633,0.1422939
0.1305316,0.024799,-0.0021776
-0.0445561,-0.086952,-0.0403122
0.3477276,-0.109899,-0.0291327
0.5687949,-0.058499,0.2127796
0.3379918,0.0002429,-0.2372959
0.2192408,-0.0025765,-0.5066235
0.1015133,-0.0646541,-0.413601
-0.1063439,-0.0879031,-0.1416265
-0.1856051,-0.1077316,-0.0025786
-0.2074194,-0.0861673,0.0219663
-0.1888969,-0.0748327,-0.0127745
-0.2059031,-0.0843561,-0.057649
-0.1451388,-0.1066735,-0.0740337
-0.1209735,-0.1379296,-0.028251
-0.2208867,-0.0949633,0.0761531
-0.2746755,-0.0710745,0.1703878
-0.2002469,-0.0708265,0.1871153
-0.0811031,-0.061352,0.1940694
-0.0405194,-0.0371704,0.1583633
-0.1053306,-0.0265561,0.1347265
-0.0677296,-0.0204163,0.1009418
-0.0213816,-0.0302,0.0459837
-0.0582286,-0.0296582,0.1313663
-0.0839643,-0.0238469,0.2252918
0.087851,-0.0092296,0.1275786
0.2414857,-0.0448531,0.0098684
0.1471571,-0.0383561,-0.0086459
0.0508694,-0.0183908,0.0033704
0.0332633,0.0002378,-0.0027622
0.0650755,0.0398235,-0.0818939
0.1491245,0.0557592,-0.185151
0.1938592,0.0809235,-0.1751214
0.1767245,0.1263265,-0.1245908
0.1807531,0.1474071,-0.0761714
0.2096173,0.1396745,4.29e-05
0.269398,0.1378071,0.019598
0.2657633,0.1109959,-0.0488459
0.2359918,0.0687429,-0.0823847
0.23625,0.0345806,-0.0308643
0.2017735,0.0359949,-0.0103714
0.1230071,0.0448316,-0.0268041
0.1574051,0.0549796,-0.0267071
0.1101622,0.0704071,-0.0623704
0.0693827,0.0600653,-0.114402
0.0425786,0.0585673,-0.1008694
-0.012798,0.0386959,-0.1822724
-0.1157316,0.0172918,-0.2784653
-0.1204112,0.0132469,-0.2542857
-0.0486827,-0.0098255,-0.2144816
0.0010173,-0.0035684,-0.1952755
-0.0175,-0.0026449,-0.2542755
-0.0559041,0.0025245,-0.228998
-0.1092867,-0.0010908,-0.1403092
-0.1293388,0.00365,0.0130102
-0.0724112,-0.0100235,0.1662735
0.0009653,-0.0058714,0.1631051
0.0440092,-0.009852,0.073598
0.0532316,-0.0060796,0.0654776
0.077552,-0.0222867,0.086898
-0.4783765,-0.1278051,0.8677031
0.3566061,-0.1297378,-0.0374571
0.1450847,0.0548031,-0.5418755
0.1214796,-0.0287122,-0.4207929
0.1020051,-0.1111133,-0.0047214
0.1599735,-0.0580469,-0.2755735
-0.0146969,0.0116776,-0.0274122
0.0228663,0.0007347,0.085151
-0.016348,0.0543398,0.1783582
-0.0295827,0.0611898,0.1805388
0.0400867,0.0663388,0.0369592
0.1402102,0.1081663,-0.1606918
0.1260316,0.100502,-0.21685
0.0108786,0.0937337,-0.0608143
-0.0264173,0.0939878,0.1744
-0.0865837,0.085148,0.1162388
-0.0602694,0.0942837,-0.002499
0.0039898,0.0873959,-0.0344255
-0.0011265,0.0719255,-0.0817255
-0.0809837,0.0729061,-0.116399
-0.2518806,0.0440133,-0.109752
-0.4900255,0.0280663,-0.0902561
-0.7075622,-0.0449276,-0.0345704
-0.6091837,-0.2699602,0.1995255
-0.3327673,-0.4599265,0.4208541
-0.1574194,-0.4890224,0.4392939
0.379402,-0.50995,0.357249
0.5939663,-0.3926224,-0.0221531
0.5799255,-0.2506245,-0.0184449
0.2395388,-0.1717173,0.1544796
-0.3736245,0.1414929,-0.1658439
-0.4953898,0.0848337,-0.6996357
-0.4327388,-0.0203071,-0.5866765
-0.214048,-0.0044806,0.0643571
-0.0788143,-0.1006867,0.3927582
0.0423296,-0.0996653,0.2317796
-0.1996204,0.0502184,0.1928622
-0.1229602,0.1173857,0.2123102
-0.1630735,0.1842031,0.1238622
-0.1641,0.2186796,-0.3041122
-0.2430204,0.2705704,-0.4615622
-0.4071357,0.5309276,-0.1224214
-0.3632939,0.5206531,-0.0075602
-0.2476561,0.5407255,0.0521031
-0.0592602,0.3223765,0.1040867
0.7963816,-1.8654867,0.8658878
0.6579857,-2.8503663,1.1223918
-0.0639949,-1.1629673,-0.4911306
-0.3267969,0.1545837,-0.9411337
-0.2325735,0.4537551,-0.4487214
-0.2557847,0.3295653,-0.082902
-0.28735,0.0162684,0.1038582
-0.3032347,-0.1558286,0.002099
-0.130552,-0.0796612,0.1145255
-0.1667224,0.0370276,0.165948
-0.0838806,-0.0335459,0.0092592
0.0167429,-0.0408214,-0.1756898
0.072749,0.0059745,-0.1846184
0.087302,0.0135837,-0.0757306
0.0994592,0.0090398,0.0060163
0.1016316,0.0206776,0.0291857
0.0803306,0.0287776,0.0267622
0.0662184,0.0286969,0.0112929
0.0747143,0.0083388,0.0087357
0.0792796,-0.0104643,0.0276714
0.0580327,-0.0084571,0.0461837
0.0324224,-0.011699,0.0341949
9.59e-05,0.0387235,-0.0153194
-0.0048969,0.0817786,-0.0393061
0.0180133,0.0499163,-4.39e-05
0.0446122,-0.0267612,0.053201
0.0205531,-0.034299,0.0530653
-0.0011653,0.0003898,0.0181163
-0.0120316,0.0360224,-0.007448
-0.0386143,0.0475051,-0.0036622
-0.0825622,0.0294173,0.0130031
-0.1037837,0.0068388,0.0237837
-0.1094102,0.005352,0.0452714
-0.0928061,0.0227673,0.0626347
-0.0853776,0.0086265,0.0326786
-0.0293286,-0.0093235,-0.0856327
0.059451,-0.0300704,-0.1700286
0.1099102,-0.0651347,-0.0410276
0.1243429,-0.0459367,0.0648827
0.1177469,0.0226041,-0.0016888
0.1128276,0.0457755,-0.0961867
0.124152,0.0202296,-0.0903255
0.1374184,-0.0033684,-0.0543847
0.1325122,-0.0041071,0.0146459
0.1122449,0.0119031,0.0607867
0.0988939,0.0278622,0.0223429
0.083449,0.0284796,-0.0502143
0.0465449,0.0141337,-0.1144633
0.0190867,0.0190602,-0.1252765
0.0175398,0.032452,-0.0535296
0.0207112,0.0436704,0.0135755
0.0291194,0.0354694,0.0218031
0.0291071,0.0058796,-0.0027929
0.0160571,-0.0189806,-0.0234827
-0.0017878,-0.0172439,-0.0455153
-0.0126071,-0.0118306,-0.0683235
-0.0216592,-0.0138194,-0.1057531
-0.020101,-0.0190857,-0.1315633
0.0221755,-0.0276153,-0.0956367
0.08725,-0.0454673,-0.0279949
0.1301745,-0.0561255,-0.0024684
0.171202,-0.0465582,-0.0289469
0.2192531,-0.02755,-0.1066959
0.2607898,-0.0196796,-0.1744306
0.2972755,-0.0346357,-0.1892673
0.3648908,-0.1304235,-0.147801
0.4166765,-0.249502,-0.0792622
0.3408265,-0.2063622,-0.1020429
0.1942531,-0.1512551,-0.0647653
0.1072296,-0.2112959,-0.0214092
-0.0545143,-0.2021633,-0.3651571
-0.2976847,-0.0936633,-0.6477714
-0.3298796,-0.0477796,-0.1211571
-0.2795714,-0.1259459,0.3391378
-0.2577255,-0.2805214,0.5346439
-0.2367724,-0.2765847,0.5416112
-0.2716235,-0.0987673,0.3662
-0.1736867,0.0109327,0.286498
0.0516898,0.0001561,0.1709235
0.3257714,-0.1192388,0.0270143
0.2615827,-0.1456908,0.1164439
-0.0002082,-0.0463357,0.192449
-0.2239214,0.0588898,0.2376449
-0.3932316,0.089251,0.2625041
-0.5106327,0.1237612,0.2472092
-0.5286816,0.1546388,0.2257082
-0.5145704,0.1873663,0.2611378
-0.45705,0.2029296,0.2939449
-0.3530531,0.2236449,0.2392153
-0.2480031,0.2404765,0.2163408
-0.1212306,0.2175357,0.1956296
0.014951,0.1687796,0.1856582
0.0811255,0.1328194,0.088851
0.143948,0.0920755,-0.1609704
0.2479908,-0.051351,-0.4340286
0.32365,-0.3441612,-0.6738735
0.395502,-0.5449092,-0.7653398
0.3676398,-0.3154388,-0.4938582
0.2532398,-0.0039908,-0.0112765
0.0143173,0.2119806,0.1386439
-0.2234643,-0.0741949,0.3342878
-0.1221102,-0.4119643,0.1973071
0.269601,-0.4780714,-0.6805092
-0.1030592,-0.3958061,-0.4889429
-0.7732694,0.2229898,0.9873418
-0.7429388,0.5562133,0.7365714
-0.6092816,0.3794408,0.4755316
-0.4530531,-0.0271867,0.3525122
-0.1084878,-0.4930622,0.4382357
0.1870969,-0.5273469,0.1820837
0.0397327,-0.0527041,-0.3882031
-0.1275316,0.1237439,-0.0294276
-0.0934694,0.105551,0.2056357
0.008902,0.0410765,0.0255122
0.0269531,0.0486531,-0.0886816
0.0507429,0.0815816,-0.0271143
0.0702,0.1097122,-0.0352643
0.0593939,0.0968439,-0.0900296
0.0637898,0.0655633,-0.116498
0.1008204,0.0468071,-0.057999
0.1184306,0.0507357,-0.0226878
0.1118765,0.0452918,-0.0569531
0.072302,0.0343173,-0.1159969
0.0128398,0.0496837,-0.1669296
-0.0055184,0.0555867,-0.1391469
0.0136429,-0.0055429,-0.0865571
0.0501347,-0.077049,-0.0664306
0.1008633,-0.0588449,-0.169152
0.1589561,0.0026898,-0.2138122
0.1863551,0.0149276,-0.1225714
0.187752,-0.0761224,-0.027951
0.2217663,-0.2089888,-0.0417714
0.323251,-0.3411388,-0.0905643
0.4027347,-0.3263745,-0.0283622
0.342048,-0.1798714,0.0400469
0.177601,-0.0565439,0.0082418
0.0498082,-0.0594143,-0.3771949
-0.2398571,-0.093352,-1.2022735
-0.3983184,-0.1639153,-0.5409408
-0.3658796,-0.1689092,0.3728959
-0.3748245,-0.2530204,0.6212765
-0.4081776,-0.3437194,0.7442878
-0.4780439,-0.2302235,0.6423643
-0.2181867,-0.1659194,-0.3052439
-0.1907888,-0.1176918,-0.2997031
-0.050901,-0.098802,0.1328255
0.1318398,-0.0698908,0.1280653
0.1555908,-0.0810347,0.0826398
-0.0051449,-0.0427673,0.170151
-0.3072143,0.1070806,0.2358622
-0.4421102,0.1844051,0.240851
-0.5184704,0.2148469,0.230948
-0.5171051,0.2529439,0.2649408
-0.4614724,0.2714653,0.2339204
-0.3750143,0.2577245,0.1890469
-0.248652,0.2351867,0.1648408
-0.1654276,0.2617245,0.2198571
-0.1132173,0.3132194,0.2820337
0.0242306,0.3211878,0.2253347
0.2341755,0.2663224,0.0250255
0.380951,0.0853459,-0.21895
0.488148,-0.2160776,-0.3824735
0.5978306,-0.6175847,-0.9245347
0.3822959,-0.5233184,-0.9225418
0.0114714,-0.0409133,-0.2565745
-0.1797796,0.1139898,0.2559673
-0.54215,-0.3303561,0.6435684
-0.5592031,-0.7342,0.1115786
0.2772878,-0.9490337,-1.3361541
-0.3599939,-0.0805765,0.7066224
-0.6458265,0.5693622,1.0794918
-0.5681327,0.4633459,0.621948
-0.515298,0.0984235,0.4245918
-0.2371184,-0.3312735,0.3887918
0.0756806,-0.4207408,0.2168418
0.1220755,-0.064752,-0.7085857
-0.0960571,0.1132378,-0.2333847
-0.126348,0.0409408,0.1290929
-0.080099,-0.0039694,0.0160582
-0.071499,0.0677541,-0.0586357
-0.0196112,0.1075867,-0.0423265
0.0296765,0.1119867,-0.0079194
0.0315,0.1128643,-0.0355347
0.0682255,0.0906745,-0.065249
0.1249663,0.0566224,-0.0646459
0.1616704,0.0367847,-0.1010327
0.1624265,0.0398459,-0.1497337
0.1487959,0.046749,-0.1297041
0.1240327,0.0336776,-0.0810378
0.0860163,0.0286643,-0.0722173
0.0350388,0.0555194,-0.0911959
-0.0145643,0.0641765,-0.0924143
-0.0310439,0.0516306,-0.0732714
0.0147643,0.0265327,-0.0399306
0.0558571,0.0337531,-0.0246041
0.0865898,0.0401102,-0.0687878
0.0852704,0.0494337,-0.2709429
0.1621,-0.0367102,-0.3486235
0.2523776,-0.1731806,-0.169352
0.3220612,-0.2416888,-0.1850959
0.4317694,-0.3307112,-0.1437816
0.3881398,-0.2969173,0.0010133
0.2983827,-0.2388847,0.0200122
0.1467704,-0.3368612,-0.7294786
-0.0678551,-0.4000643,-0.9637755
-0.1593276,-0.2061112,0.2576561
-0.3586051,-0.1228408,0.3868061
-0.5385459,-0.2670327,0.4284704
-0.5837184,-0.3491337,0.6268418
-0.2809398,-0.2631776,0.1647847
-0.2472153,-0.0926959,-0.1503796
-0.2709633,0.0922765,-0.0073541
-0.1200745,0.11775,0.0802531
0.0284102,0.0522051,0.1361898
0.0316092,-0.0100143,0.2000745
-0.0835602,-0.0150612,0.2699214
-0.3198745,0.069501,0.3032235
-0.5008061,0.1255092,0.315651
-0.6150888,0.2057704,0.3081918
-0.6016153,0.2857867,0.3045847
-0.5162184,0.3176214,0.2790255
-0.4124704,0.2735459,0.2620439
-0.3451316,0.2603867,0.2527796
-0.2675163,0.2790541,0.1898357
-0.07355,0.2096245,0.0143806
0.267798,-0.0526969,-0.314599
0.6958306,-0.5453388,-0.8924265
0.9892602,-0.8522755,-1.2719041
0.5738684,-0.4842969,-0.9739469
0.163849,0.0100061,-0.2076673
-0.2009969,0.1488357,0.412852
-0.422752,-0.2351337,0.3844092
-0.2368816,-0.5773367,0.0561082
0.1080398,-0.5315673,-0.6747122
-0.5618592,0.4246398,0.8159286
-0.5686816,0.6402673,0.7073122
-0.5589878,0.2710224,0.4621847
-0.4609592,-0.2618122,0.1414408
-0.0588735,-0.5760816,0.1353429
0.1513163,-0.3086786,0.1922459
-0.0759082,0.1849153,-0.1362939
-0.125152,0.2245827,-0.2434143
-0.0293071,0.0132653,-0.1001837
-0.0007,-0.0135837,-0.0348276
-0.0245367,0.0614112,-0.0595276
0.0067673,0.1216347,-0.0770204
0.005601,0.1887694,-0.0827878
0.0006643,0.179798,-0.1110898
0.0292898,0.0895418,-0.1862745
0.0914571,0.0099653,-0.187098
0.1558531,-0.0325102,-0.1217143
0.177402,-0.0131163,-0.0806316
0.1375704,0.0616449,-0.0610163
0.1075102,0.1220949,-0.0702592
0.1190378,0.0887684,-0.0896857
0.0338041,0.0517408,-0.1115969
-0.0113429,-0.0185255,-0.1054133
0.0352806,-0.0511214,-0.0911286
0.0828378,0.0337061,-0.2794122
0.2609827,-0.0106959,-0.4206173
0.353101,-0.1006255,-0.2150582
0.3489276,-0.1476265,-0.1263796
0.4209041,-0.2698082,-0.1998061
0.47805,-0.392602,-0.1236102
0.3918184,-0.3769776,-0.0813122
0.237002,-0.3585051,-0.3236265
0.0947163,-0.3175408,-0.381348
-0.1348827,-0.1251949,0.0201622
-0.2706204,-0.0699204,0.2087888
-0.3109684,-0.2872122,0.3562602
-0.3644224,-0.3961745,0.4659622
-0.2731031,-0.2514888,0.0572592
-0.2431459,-0.0562837,0.0621551
-0.2530224,0.1198908,0.0407388
-0.1878,0.1672714,0.0485724
-0.0264276,0.0851102,0.0453449
0.0709847,-0.0262388,0.1071357
0.040751,-0.0814867,0.2120459
-0.1702163,0.0102,0.2933867
-0.4430378,0.2053541,0.3140735
-0.5842163,0.3558765,0.326952
-0.5704265,0.4320041,0.3314898
-0.4692082,0.4347378,0.3687041
-0.3293194,0.3516704,0.3584673
-0.2383918,0.3069908,0.3223612
-0.1834337,0.3392173,0.2397459
-0.0148867,0.2787439,0.0394551
0.3871776,-0.045101,-0.4296235
0.8326724,-0.6220929,-1.1673102
1.1611133,-0.9756469,-1.3841439
0.6815439,-0.6330031,-0.6936898
0.0455714,-0.0258724,-0.2957796
-0.4030439,0.3783622,-0.0287245
-0.3339031,0.0289439,0.4223102
0.033348,-0.3077459,0.7771918
0.4537041,-0.5321327,-0.0144337
-0.1601531,-0.1899255,-0.6367561
-0.9752673,0.6129367,0.368098
-0.8291286,0.5521939,0.6560929
-0.5192071,-0.0302,0.720748
-0.1767786,-0.6076745,0.5720745
0.2437184,-0.6249153,0.2849245
0.1345173,-0.1334194,-0.0360592
-0.0989378,0.1753184,-0.4322867
-0.0980418,0.0838724,-0.1231367
-0.0175949,0.0010776,0.0519592
0.0108459,0.0653847,0.0420418
0.0097214,0.1710765,-0.0468276
0.0367204,0.207849,-0.0622214
0.1104959,0.1616255,-0.0458837
0.1895633,0.120548,-0.0891214
0.2075745,0.1160612,-0.0637633
0.1970949,0.1203122,-0.0316184
0.1950306,0.1071898,-0.0238898
0.1564388,0.0916541,-0.0472561
0.1011592,0.0846194,-0.0715061
0.0646949,0.032199,-0.0670061
0.0339786,-0.0365816,-0.0998806
0.0566663,-0.0327082,-0.1345367
0.163,-0.038301,-0.1461765
0.3371939,-0.0987245,-0.2762071
0.4450837,-0.0918918,-0.4956347
0.4333408,-0.0703418,-0.4120439
0.3618551,-0.1223714,-0.3191673
0.48445,-0.3575235,-0.0839949
0.4657724,-0.3718224,0.2074561
0.3258888,-0.2296337,0.2713031
0.3138745,-0.3021112,0.2130786
0.041301,-0.2776378,0.04195
-0.3369378,-0.2129082,-0.2825398
-0.4556939,-0.2296398,-0.1502469
-0.3833592,-0.2843143,0.1770071
-0.3188051,-0.2580867,0.226951
-0.3465796,-0.1389867,0.2829235
-0.3474388,0.033302,0.1128357
-0.307302,0.1392714,-0.0810255
-0.0598337,0.0796204,-0.0034153
0.196999,-0.0655786,0.0672398
0.1769224,-0.1518194,0.1744755
-0.1278184,-0.0207776,0.3057561
-0.3770418,0.1508622,0.2960031
-0.4983327,0.2809949,0.2972276
-0.5425969,0.4187561,0.2935235
-0.5161245,0.4691653,0.3724337
-0.3890184,0.4262776,0.4513847
-0.210149,0.348352,0.4385582
-0.0981031,0.3227429,0.3069051
-0.0452082,0.3197102,0.0802867
0.3248694,0.0638255,-0.3250622
0.8860949,-0.4100888,-0.6759551
0.9853949,-0.7378204,-0.9161255
0.5100429,-0.684151,-1.2866204
0.1922316,-0.2790561,-0.6326582
-0.0218327,0.2770786,0.0634612
-0.1923143,-0.0121439,0.5069112
-0.0691061,-0.488349,0.9985071
0.1554031,-0.5843184,-0.0649469
-0.4625286,0.0295612,-0.5551449
-0.7308051,0.5633286,0.7728214
-0.54745,0.3054939,0.9644653
-0.4911163,-0.242202,0.5110245
-0.1657837,-0.561201,0.2288796
0.1420796,-0.3131949,0.1707265
0.0535112,0.1574092,-0.1025102
-0.0359112,0.3938888,-0.7419031
0.0556071,0.1127092,-0.0994133
0.1038551,-0.0529816,0.1656633
0.0707469,0.0401786,0.0929602
0.0079398,0.1742143,-0.0863765
0.0007418,0.1727776,-0.204302
0.0557163,0.0537163,-0.2152224
0.0956224,0.0343347,-0.1833112
0.134249,0.0693969,-0.0876633
0.1532959,0.1059765,-0.0015286
0.150199,0.1152,0.0048796
0.1267816,0.0896571,-0.054201
0.091648,0.0414816,-0.078301
0.0005888,0.0218633,-0.055851
-0.0187235,0.0135061,-0.0408888
0.0355051,0.0637684,-0.0598602
0.1187276,0.0991551,-0.1944857
0.3467306,-0.0656092,-0.321999
0.4902714,-0.2455531,-0.1866684
0.5061898,-0.3307429,-0.1890255
0.5423857,-0.3313592,-0.3939449
0.5892755,-0.3952786,-0.4142327
0.3943153,-0.2329296,-0.630752
0.2624112,-0.2504878,-0.4338888
0.0747827,-0.2281959,0.0341684
-0.1304041,-0.1318041,0.2279459
-0.3471378,-0.1268643,0.2319561
-0.4283327,-0.3209122,0.3272622
-0.3628235,-0.4738316,0.5828071
-0.2547663,-0.3412653,0.3743092
-0.1281837,-0.1898561,-0.371502
-0.206849,0.0234847,-0.0644092
-0.1226459,0.1680133,0.1415122
0.0436398,0.1159612,0.1446214
0.0568439,0.0440357,0.2041398
-0.1347704,0.0793194,0.280451
-0.4147663,0.1897235,0.3583929
-0.5523306,0.2375337,0.3577418
-0.638252,0.3455582,0.3545857
-0.628098,0.4313735,0.3460449
-0.499099,0.3843745,0.3413776
-0.320448,0.2884704,0.3454939
-0.1947867,0.2541122,0.2768459
-0.0682704,0.2141673,0.0845704
0.2916551,-0.0257898,-0.2265531
0.8172051,-0.50465,-0.8199643
1.0992694,-0.8388194,-1.2542786
0.7959796,-0.6526439,-1.1371449
0.4248133,-0.108998,-0.2329347
0.0432949,0.5684745,0.1968765
-0.3309786,0.5327918,0.6708459
-0.533698,-0.1160316,0.9598816
-0.4281408,-0.618752,0.5396153
0.4570357,-1.1234051,-2.2337347
-0.401748,-0.1547306,0.6656255
-0.6247745,0.4491327,0.6159337
-0.5554592,0.361602,0.2893082
-0.4817255,0.0750378,0.1281857
-0.2084969,-0.156452,0.3423459
-0.0479378,-0.1148357,0.432651
0.0066612,0.0439612,0.2665765
0.077001,0.0711041,0.0807398
0.1203582,0.0494245,-0.328802
0.1234633,0.0699408,-1.004701
0.1414908,-0.0007765,-0.3578265
0.1262316,0.0480582,-0.0594857
0.0622255,0.0959061,-0.0931224
0.1041755,0.0940592,-0.1169439
0.1328684,0.1039837,-0.0609857
0.1547061,0.0914561,-0.0284255
0.1729153,0.0679806,-0.0512031
0.1558469,0.0647378,-0.0787663
0.1393429,0.0764643,-0.1009276
0.1416898,0.0675582,-0.1341541
0.117548,0.050148,-0.1736724
0.1225612,0.0222357,-0.1866316
0.1466857,-0.0100276,-0.176051
0.1716429,-0.0715939,-0.2376398
0.237101,-0.1085714,-0.4259214
0.3163316,-0.1467643,-0.4140571
0.3093939,-0.1482571,-0.3408724
0.358699,-0.2527531,-0.1941857
0.4133694,-0.3498745,-0.0304929
0.3549704,-0.2954112,-0.1789643
0.2792163,-0.2917071,-1.0731653
0.1275276,-0.3395286,-0.3421337
-0.1073173,-0.1692041,0.3027388
-0.3381898,-0.1212684,0.2703143
-0.3962133,-0.3261867,0.327998
-0.334202,-0.4583143,0.6150163
-0.1065439,-0.3262112,-0.0880531
-0.1103673,-0.1432796,-0.3185857
-0.1235245,0.0428092,0.0569388
-0.1233755,0.119998,0.1276265
-0.1196541,0.100549,0.1815806
-0.1070449,0.0352735,0.2163071
-0.1041398,-0.0351388,0.1972908
-0.2248398,-0.0011602,0.2864388
-0.5023878,0.1921765,0.3568245
-0.638798,0.4055388,0.319501
-0.6231704,0.5207031,0.2753112
-0.4886663,0.4356184,0.2666378
-0.3447214,0.3184449,0.2349092
-0.2083071,0.2859,0.1506816
-0.0737776,0.2670082,-0.0001714
0.143651,0.1155449,-0.1645816
0.562098,-0.2620255,-0.5307969
0.9615755,-0.674702,-0.9132898
0.783,-0.7202194,-1.1188929
0.3005898,-0.3968704,-0.8994878
-0.0410643,0.1681031,-0.1390469
-0.2573643,0.1558694,0.4692949
-0.1287551,-0.2178265,0.6042551
0.057101,-0.1886602,0.5073469
-0.01395,-0.1157265,-0.6144827
-0.6569459,0.2721714,0.2320551
-0.7136653,0.2926439,0.5875092
-0.4624082,-0.1204214,0.576698
-0.1490163,-0.4828653,0.3455245
0.1652235,-0.4353602,0.2088163
0.0978163,-0.0526561,0.1964939
-0.0978429,0.2501449,0.0152276
-0.059651,0.2389367,-0.5058592
-0.0180051,0.0408949,-0.3379173
-0.0143143,0.0045276,-0.0357561
0.0718316,0.0755969,0.072352
0.0993439,0.158352,0.0607867
0.110451,0.1543459,-0.0012214
0.1327745,0.0931388,-0.0880398
0.1758551,0.0635347,-0.1261143
0.2065694,0.0569327,-0.1494041
0.1571061,0.0977867,-0.1954643
0.1033092,0.1138847,-0.1294337
0.0884388,0.0750276,-0.0658755
0.0597929,0.061602,-0.0767102
0.0004663,0.0783082,-0.0856714
-0.0180673,0.07065,-0.0728714
-0.0001796,0.0654847,-0.0560898
0.0217071,0.0855112,-0.0937541
0.1514357,-0.0141265,-0.1082704
0.3322143,-0.2182,-0.0540714
0.4481561,-0.2972112,-0.2652245
0.5725847,-0.3453194,-0.3766286
0.5581531,-0.3757949,-0.1077408
0.3769837,-0.2333378,0.0387214
0.3511469,-0.2384449,-0.1216378
0.1075112,-0.3420857,-1.6365337
-0.1439357,-0.3372949,-0.385351
-0.2984255,-0.228348,0.4254031
-0.4179857,-0.3166714,0.4238908
-0.4114704,-0.4522888,0.6894316
-0.2951673,-0.3059255,0.7614816
-0.0688816,-0.1268133,0.1406704
0.087251,-0.0442255,-0.2126837
0.1590847,-0.0140949,-0.0987653
-0.0126133,0.0301112,0.1539857
-0.2151827,0.0959388,0.2320561
-0.2961051,0.0809643,0.2570622
-0.3884255,0.0747041,0.3081663
-0.5212459,0.1368327,0.3531265
-0.6299388,0.2332327,0.3586173
-0.6787663,0.3473816,0.3255224
-0.6152133,0.3902388,0.306548
-0.4973347,0.2990663,0.2941347
-0.4017061,0.257602,0.2458092
-0.2945143,0.2595235,0.0951031
-0.0873888,0.1927796,-0.0971765
0.2945082,-0.0175714,-0.2842286
0.7847561,-0.3733245,-0.507252
1.0102796,-0.6878153,-0.886402
0.5715398,-0.6977918,-1.2734439
0.1186245,-0.190602,-0.603798
-0.0212592,0.4752357,0.1264357
-0.2290245,0.2872337,0.7571612
-0.0850622,-0.4852459,0.938602
0.4598622,-0.9236459,-0.5025735
-0.1961184,-0.3270663,-0.3034388
-0.9145929,0.5976837,0.6378592
-0.7967214,0.4872684,0.7054684
-0.6945704,-0.0499816,0.4384847
-0.3643194,-0.5723276,0.3201959
0.1338276,-0.5856673,0.4232347
0.1288653,-0.1424663,0.3121796
-0.0944633,0.2318541,-0.2557531
-0.1251663,0.2295439,-0.6766204
0.04225,-0.0408092,-0.0791602
0.0365663,-0.0204,0.1034551
-0.023701,0.1516327,0.0546122
0.0119204,0.2189908,0.0009908
0.0681449,0.175552,-0.0262153
0.1060694,0.0889939,-0.0692184
0.1245337,0.0676796,-0.0890541
0.1600235,0.0661796,-0.0495367
0.1692796,0.0728102,-0.0341398
0.144648,0.0818765,-0.047099
0.1242929,0.058401,-0.0750041
0.0753194,0.044098,-0.080398
0.0248031,0.0151571,-0.0870276
0.0037418,0.0123724,-0.1369245
0.0310724,0.004248,-0.2308582
0.1507898,-0.0490531,-0.3649102
0.3089571,-0.0945184,-0.3354959
0.3620694,-0.1342643,-0.105348
0.3503071,-0.1676551,-0.0097929
0.4458918,-0.3065133,0.0231643
0.4548153,-0.2958959,0.0089704
0.3504439,-0.0996918,-0.2781153
0.4286592,-0.1915439,-1.7971541
0.1447265,-0.3144061,-0.0981551
-0.0433939,-0.2293367,0.6867439
-0.2061082,-0.2794633,0.5556918
-0.3336204,-0.4249612,0.4550429
-0.3656622,-0.4753898,0.6012439
-0.3085204,-0.2431163,0.7377337
0.0349041,-0.1282296,-0.4529959
-0.1012673,-0.0232367,-0.2385714
-0.1346888,0.026501,0.3188786
-0.1078235,0.0176153,0.2729204
-0.0869449,0.0229041,0.2208408
-0.1569214,0.0149276,0.304602
-0.3797327,0.0857429,0.4193531
-0.5712684,0.1855643,0.4602337
-0.6944224,0.3041357,0.4382816
-0.6931,0.4105867,0.3681684
-0.5797214,0.4138296,0.3116337
-0.4375837,0.3004571,0.2705704
-0.3427224,0.2288714,0.226648
-0.2517235,0.1868408,0.0297173
-0.0289663,0.0531531,-0.1788112
0.495549,-0.3863194,-0.5691878
1.0739306,-0.7632,-1.1440612
1.198052,-0.5934949,-0.946651
0.7002571,-0.1297112,-0.4150102
0.1726286,0.0849041,0.1035714
-0.1522235,-0.1636704,0.3514276
-0.2080153,-0.4321969,0.2567786
-0.0916194,-0.5281214,-0.6125122
-0.692848,0.0964796,0.6515633
-0.8228449,0.6363949,0.4694837
-0.6505071,0.3524112,0.5446112
-0.4898469,-0.170502,0.4635357
-0.0283908,-0.5831755,0.4180612
0.2634541,-0.4496745,0.2989531
0.0869827,0.0607429,-0.2629245
-0.0300337,0.2413765,-0.1519092
0.0409724,0.0853041,0.0991827
0.0507439,0.0085755,0.0112622
-0.0340061,0.0477367,-0.1624898
-0.0292612,0.0823745,-0.1479561
-0.0012224,0.1318735,-0.0455316
0.0410367,0.121851,-0.0090612
0.096899,0.0570173,-0.0011908
0.1363939,0.0349918,-0.0292388
0.1461347,0.0617357,-0.0925786
0.139902,0.0828888,-0.1304265
0.1233235,0.086702,-0.1230561
0.0831847,0.0856224,-0.1049255
0.0583265,0.0787969,-0.0880286
0.0366663,0.0591194,-0.0840939
0.0250918,0.0237541,-0.1109306
0.0428133,0.0336214,-0.1451122
0.0676622,0.0872561,-0.2009449
0.1232327,0.1092806,-0.2687122
0.2362949,-0.0106163,-0.1623765
0.2966765,-0.2115316,-0.0193714
0.3966071,-0.3968133,-0.03295
0.4849041,-0.4256939,-0.0136969
0.4257429,-0.2376061,-0.0365724
0.3650959,-0.2228612,-0.0677786
0.3215551,-0.2692133,-0.8192806
-0.074449,-0.2340459,-1.5573827
-0.1965367,-0.2312724,-0.0526316
-0.295098,-0.2344337,0.5528592
-0.380798,-0.3972041,0.6279265
-0.4897061,-0.4109929,0.7225378
-0.4027071,-0.2006592,0.6592204
-0.105951,-0.03075,-0.0088194
-0.0814306,0.0694367,-0.0944367
0.0987316,0.0166602,0.0534306
0.1424582,-0.0476398,0.0835031
0.0063551,-0.0177031,0.1523224
-0.2285224,0.0688939,0.1930663
-0.3798673,0.1151071,0.2898469
-0.5239704,0.1601551,0.3234143
-0.6577327,0.2460602,0.290698
-0.6090888,0.3462653,0.294152
-0.5193867,0.3959531,0.3096439
-0.4036153,0.3286214,0.3016571
-0.2800235,0.1864541,0.2706316
-0.215249,0.0856418,0.1149633
-0.1429694,0.0377357,-0.0769449
0.2331663,-0.0516837,-0.2327969
0.6962327,-0.3042735,-0.5043796
0.8730398,-0.5124908,-0.9272592
0.6858643,-0.5335898,-1.1630612
0.2511786,-0.2281255,-0.6637245
-0.0956204,0.1241959,0.0627378
-0.2502847,-0.1013827,0.4473592
-0.2557265,-0.3960929,0.4107429
-0.0065286,-0.4976806,-0.5223051
-0.4461663,0.2134214,0.5577122
-0.5670184,0.6034969,0.6505806
-0.5071388,0.2904745,0.5786888
-0.432748,-0.2196265,0.3695265
-0.1144827,-0.5691347,0.2710908
0.1419684,-0.3899582,0.2525071
0.0171551,0.0941653,-0.2651847
-0.0595724,0.2146796,-0.1453888
0.0171724,0.0448541,0.1019163
-0.0376173,0.0177776,0.0335214
-0.0823429,0.0503714,-0.1295
-0.0706847,0.1122653,-0.1328398
-0.0140673,0.1440806,-0.0813296
0.05895,0.1005847,-0.0706224
0.1119204,0.0428878,-0.0784724
0.1166235,0.0687939,-0.0600316
0.1174469,0.1084224,-0.022599
0.1264918,0.1009337,-0.0051041
0.1120735,0.0523388,-0.0375908
0.0556684,0.0492541,-0.0692735
0.0235469,0.0543388,-0.0764816
0.0073582,0.0463827,-0.0869122
0.0235469,0.0200173,-0.1185245
0.0671306,0.0241888,-0.1495143
0.1061908,0.0464704,-0.1680143
0.1838031,-0.0108041,-0.1511735
0.2470837,-0.1147622,-0.1074143
0.2801194,-0.1845898,-0.1003276
0.35535,-0.2516469,-0.2605582
0.4680061,-0.3191898,-0.3047061
0.3927745,-0.2230633,-0.1963888
0.3193214,-0.1492857,-0.3280337
0.2635939,-0.3209255,-1.2250724
0.0404469,-0.3682082,-0.377998
-0.1221184,-0.2029592,0.44335
-0.3136592,-0.1970469,0.5211622
-0.457802,-0.3634337,0.6486939
-0.3965745,-0.4210857,0.8382612
-0.145748,-0.1878092,0.4831224
0.1894694,-0.0860031,-0.7281816
0.0930378,-0.0155704,-0.0752398
-0.0751071,0.0239265,0.30655
-0.1762847,0.0343602,0.2550143
-0.1755194,0.0353112,0.1958235
-0.2327847,0.0116969,0.2497602
-0.378152,0.0317459,0.3062776
-0.537348,0.1434102,0.3664276
-0.6301673,0.3122429,0.3637765
-0.6103439,0.4007204,0.2869163
-0.5164684,0.3318827,0.2412449
-0.4234673,0.2387704,0.1907163
-0.3786735,0.2113204,0.1232908
-0.3255959,0.2248541,0.027652
-0.1436347,0.2085173,-0.1616306
0.2926327,0.0306398,-0.4171122
0.8295796,-0.4289867,-0.7058255
1.1595643,-0.8641806,-1.3584704
0.752398,-0.6465602,-1.2128827
0.3561745,-0.0920561,-0.0867051
-0.1809633,0.1387949,0.7228163
-0.1897194,-0.3940663,0.8493918
0.195198,-0.5738092,0.0939755
-0.3919245,0.072752,-0.0578939
-0.8949867,0.6894459,0.2528724
-0.774398,0.4163102,0.8262765
-0.6311102,-0.161198,0.4305265
-0.2379122,-0.6847969,-0.004301
0.2024776,-0.6331735,-0.6227694
0.0718061,-0.1112235,0.1396622
-0.1703398,0.2757347,0.2824163
-0.1187327,0.1451133,-0.1601571
-0.0356224,0.0099908,-0.1321673
-0.0158082,0.0121939,-0.0796582
-0.0243612,0.112449,-0.138051
0.0318092,0.18175,-0.1608071
0.1099306,0.1625653,-0.1695357
0.1595439,0.1067347,-0.1562633
0.1835469,0.0765204,-0.1366316
0.1712031,0.0891173,-0.137102
0.1758847,0.0768378,-0.1066714
0.1473367,0.0696449,-0.0909724
0.1216235,0.0560194,-0.0827092
0.1014031,0.0565143,-0.0714949
0.0681827,0.052302,-0.1164776
0.0394255,0.014449,-0.1948061
0.0519929,0.0019184,-0.2369163
0.1128571,0.0115,-0.214501
0.1910041,-0.0220051,-0.1920469
0.2632827,-0.1063153,-0.1427541
0.2864194,-0.1793316,-0.1147776
0.3724051,-0.2814255,-0.1372153
0.44105,-0.3243061,-0.0888276
0.3761571,-0.2085939,-0.1351755
0.3176776,-0.1579929,-0.2875316
0.2653663,-0.2464765,-1.0437194
-0.0531265,-0.2532224,-0.852452
-0.2427469,-0.1829102,0.1558612
-0.3155643,-0.2308622,0.5499806
-0.3687082,-0.4384816,0.6976765
-0.3936765,-0.4394408,0.7879122
-0.3532235,-0.1698347,0.7778571
-0.0200837,-0.0363806,-0.6050786
-0.0731459,0.0016061,-0.3185214
-0.0309051,-0.0146306,0.2540898
-0.0312571,-0.0312041,0.1924082
-0.0589276,-0.0341592,0.1092786
-0.2047898,0.0309908,0.1608592
-0.3923592,0.1127735,0.2409898
-0.5295235,0.1845816,0.3560459
-0.6501327,0.3290684,0.3392429
-0.6510133,0.4623051,0.2935051
-0.5600173,0.4392959,0.2783796
-0.4518041,0.3415459,0.25405
-0.3486663,0.2865255,0.1294122
-0.1958082,0.2091245,-0.1468235
0.2022959,-0.0570561,-0.319349
0.7925714,-0.5666418,-0.7597296
1.1631112,-0.805198,-1.0084337
0.820501,-0.36995,-0.7490776
0.4154857,0.1082347,-0.319102
0.0408673,0.4122398,0.2466367
-0.2767571,0.0503898,0.6009429
-0.4446459,-0.5026633,0.539552
-0.0091663,-0.8355051,-1.2938949
-0.3489704,-0.2214439,0.1180847
-0.666599,0.4193173,0.5723918
-0.5310622,0.2592265,0.57325
-0.392049,-0.0291959,0.35735
-0.1364755,-0.2719776,0.2775102
0.0794949,-0.2537184,0.3610735
0.0333796,0.0292929,0.2821286
0.0083602,0.1709357,0.1093837
0.0424582,0.0943449,-0.4844755
-0.0508031,0.0150745,-0.5802582
-0.0914378,0.0008459,-0.1713388
-0.0807041,0.0560765,-0.0502418
-0.0364704,0.1261276,-0.0798969
-0.0300133,0.1571806,-0.1037653
0.048199,0.1037908,-0.0892755
0.1530327,0.051949,-0.0070929
0.1975571,0.0313112,0.0395071
0.1827857,0.0562224,0.0169684
0.159349,0.0786306,-0.0526378
0.1291673,0.0648837,-0.0955071
0.065552,0.0451643,-0.1161265
0.0089908,0.0081255,-0.1474378
-0.0333551,0.007498,-0.2574837
-0.0051347,0.0524082,-0.3721408
0.1219378,0.0569102,-0.3597582
0.311748,-0.0701122,-0.1819755
0.3911204,-0.1813745,-0.0207418
0.4430276,-0.2655357,0.0047571
0.4764867,-0.2926582,0.048751
0.4321,-0.1312745,0.0140316
0.4211867,-0.0666388,-0.0524255
0.4195929,-0.203349,-0.2977214
0.1488296,-0.3021969,-1.4531622
-0.1444092,-0.3299408,-0.7132082
-0.2964316,-0.2793133,0.166752
-0.5201357,-0.3493143,0.4312031
-0.6582173,-0.5128929,0.6621704
-0.575648,-0.3823286,0.8589163
-0.1994051,-0.1710214,0.1540847
-0.2323378,0.0597898,-0.1691255
-0.0941816,0.0937429,-0.0374255
0.2126755,-0.0435643,0.073551
0.1510776,-0.0824776,0.2003796
-0.1332102,0.0263327,0.2649673
-0.2298776,0.109498,0.2940939
-0.3377163,0.1378224,0.3653143
-0.565002,0.2477173,0.3645449
-0.6496449,0.3598153,0.348648
-0.632452,0.3922071,0.3546745
-0.5804827,0.3100765,0.3100827
-0.4534969,0.259051,0.2443041
-0.2999449,0.2432633,0.1159235
-0.0526459,0.1409357,-0.1707306
0.4109704,-0.1743673,-0.3037388
0.9249306,-0.5571061,-0.4992255
0.9408969,-0.5398194,-0.8125439
0.6962,-0.4912918,-1.1279837
0.1404898,-0.0930459,-0.757299
-0.1531878,0.30345,0.3629622
-0.1965204,0.005598,0.9437337
-0.186302,-0.3002184,0.8793235
0.0980224,-0.5028755,-0.9403561
-0.2754745,-0.1929847,-0.2195949
-0.7124204,0.3103969,0.6057653
-0.6129582,0.1698633,0.5523602
-0.4354112,-0.0652449,0.2423612
-0.142702,-0.2718969,0.1251
0.0880724,-0.2216235,0.2542714
0.002248,0.0528867,0.1781714
0.0192357,0.1480153,-0.3913041
0.094101,-0.040598,-0.1619408
0.057549,-0.0355694,0.0083449
-0.0292857,0.0709102,-0.1629378
-0.0548408,0.1082847,-0.1918816
-0.0177959,0.1192153,-0.0722265
0.0314867,0.121,-0.0212265
0.0877245,0.1114061,-0.0158143
0.1316949,0.0872102,-0.0184531
0.1369888,0.0792378,-0.0237969
0.1452327,0.0726398,-0.0474561
0.1204939,0.0790724,-0.0880643
0.0878908,0.0746071,-0.1245541
0.0645082,0.0645806,-0.1508786
0.0493735,0.0508663,-0.1706704
0.0550224,0.0257224,-0.2092551
0.0923082,0.0230214,-0.23445
0.1586214,0.0215735,-0.2377327
0.2528724,-0.0172439,-0.2229204
0.306498,-0.0638092,-0.1375837
0.3631092,-0.1900724,-0.027452
0.4696541,-0.3906204,0.0352347
0.4712194,-0.3126327,0.0361194
0.358351,-0.1094133,0.0240622
0.3892847,-0.1799296,-0.8757418
0.1883806,-0.3372031,-1.3002051
0.0749204,-0.2446653,0.3261092
-0.1421847,-0.1302153,0.5498694
-0.3197408,-0.2566939,0.4663173
-0.4885184,-0.4128735,0.5024031
-0.5318867,-0.3350112,0.6297622
-0.2259367,-0.1422184,0.2065245
-0.0730367,-0.0272571,-0.5342561
-0.1374173,0.0721898,0.10445
-0.0208694,0.0474173,0.194299
0.004249,-0.0139612,0.1108163
-0.076099,-0.0159337,0.1360949
-0.2311592,0.0535133,0.2632939
-0.3846316,0.0994459,0.3131469
-0.5312347,0.161152,0.3478337
-0.6118633,0.2690622,0.3028541
-0.5513286,0.3149418,0.2724184
-0.5144673,0.2827857,0.2889551
-0.4055071,0.2628112,0.2598429
-0.2834224,0.2449582,0.1371898
-0.1251704,0.216349,-0.0603898
0.2139204,0.0094755,-0.2273673
0.7243827,-0.5028582,-0.5637439
0.9823071,-0.6322582,-1.0232235
0.6998418,-0.3551061,-0.8120429
0.3911653,-0.019901,-0.3362041
0.184452,0.287449,0.1694857
-0.0127347,0.1014898,0.4784694
-0.0192439,-0.3788735,0.6902612
-0.0286296,-0.6280837,-0.3006959
-0.1853949,-0.5362439,-1.1401194
-0.6054378,0.143702,0.8219929
-0.6053102,0.3408398,0.5094918
-0.6102184,0.2602837,0.0526194
-0.4863735,0.0582041,-0.0190255
-0.1654806,-0.0600776,0.4930265
0.1097929,-0.109052,0.6526082
0.1195102,-0.0010418,0.3328663
0.0584827,0.1054633,0.1148061
0.0606878,0.1232735,0.1290469
0.0758663,0.0202224,0.1269684
-0.0213847,-0.126798,0.0209918
-0.264402,-0.066948,-1.6501847
-0.1265827,-0.2026327,-0.769448
-0.0317898,-0.2078092,-0.0817929
-0.1115878,0.0119561,-0.0787745
-0.0863235,0.1735786,-0.2157643
-0.0822816,0.173949,-0.2303796
0.0471378,0.1495449,-0.0677673
0.3454714,0.2133663,0.1170102
0.4824888,0.2317449,0.2748704
0.5544224,0.151801,0.1607816
0.4929908,-0.0051531,-0.0096684
0.3604459,-0.1519653,-0.1240439
0.1332439,-0.2054796,-0.2906939
-0.1266827,-0.1540082,-0.4947306
-0.1183755,-0.1840918,-0.6766469
0.0850408,-0.2505969,-0.9562551
0.2788755,-0.3434551,-0.7330184
0.2221847,-0.2915082,-0.5575092
0.0642735,-0.2626643,-0.4923837
-0.1076327,-0.3972041,-0.3005571
-0.2266224,-0.3972653,-0.126401
-0.2733204,-0.1896041,-0.0015173
-0.2886102,-0.0177051,0.0335235
-0.2340112,-0.0052714,0.1469847
-0.0492827,-0.2095949,0.2619245
0.102848,-0.3817561,0.3478898
0.0348551,-0.3257827,0.4156102
-0.1191939,-0.0387969,0.2876214
-0.0849245,0.0803133,-0.46705
-0.1438316,0.1913969,-0.1144612
-0.0221153,0.28005,0.4037
0.1161561,0.2536796,0.2652643
-0.0041796,0.1581041,0.1250704
-0.144748,0.1382235,0.2247337
-0.283052,0.2281847,0.3393459
-0.2462092,0.3314694,0.4116939
-0.257648,0.4919765,0.3720173
-0.3492867,0.328348,0.094251
-0.2374959,0.0477857,-0.1297633
-0.0613,-0.0243112,-0.0812612
0.0779112,0.0495204,-0.0245459
0.2115388,0.0164449,-0.059
0.3229704,-0.030251,-0.1994071
0.2950531,-0.0724357,-0.3779878
0.1909184,-0.1039612,-0.6297061
0.1090235,-0.1568867,-0.9171235
0.069799,-0.1143745,-0.816848
0.0002245,-0.0543745,-0.3536173
-0.0984796,-0.0279316,0.0666357
-0.1416235,0.0100051,0.4029388
-0.1790704,-0.0438541,0.5870224
-0.2762612,-0.3473735,-0.286052
-0.2763612,-0.2064439,-0.8719888
-0.1030847,-0.1422255,0.5141735
-0.1860551,-0.0073388,0.5598408
-0.1457847,0.1255469,0.3548296
-0.083801,0.1448092,0.2342388
0.0141684,0.071052,0.147901
0.106148,-0.012301,0.086601
0.1079796,-0.0542561,-0.1921112
0.0531765,-0.0662633,-0.1981184
-0.0752898,-0.0285,-0.0645898
-0.0958122,-0.0300102,0.0056939
-0.0873837,-0.0834684,-0.1352949
-0.167302,-0.1304449,-0.1557888
-0.2178531,-0.1673724,-0.0879276
-0.1575541,-0.1755204,-0.2096551
-0.0459449,-0.1486276,-0.1397378
0.0638306,-0.192651,0.0762908
