accx,accy,accz
0.0431429,0.002851,-0.1585827
0.1135122,-0.0391531,-0.1645133
0.1487694,-0.0942796,-0.0584214
0.093852,-0.0387653,-0.0058612
0.0639316,-0.0584571,0.0314806
0.0638735,-0.0403051,0.0365357
0.0515224,-0.029602,-0.0309051
-0.009148,-0.0177133,-0.0673296
-0.0497112,-0.0189541,-0.0817592
-0.0788418,-0.0182255,-0.0680776
-0.1009786,-0.0141316,-0.0723092
-0.1190929,-0.0138827,-0.0571327
-0.1175031,-0.0173337,0.0090255
-0.063849,-0.0186765,0.0723867
-0.0454653,-0.0220429,0.0928092
-0.0617918,-0.0298245,0.0899622
-0.066802,-0.0192653,0.0195173
-0.0589939,-0.0152306,-0.077702
-0.0862143,-0.0192265,-0.0720918
-0.1169194,-0.0456786,-0.0279102
-0.0962898,-0.0602796,-0.0365082
-0.0546612,-0.0629929,-0.0763449
-0.033149,-0.0886786,-0.1418949
-0.1033224,-0.0981439,-0.1229429
-0.202349,-0.1028449,-0.0981755
-0.289749,-0.1234633,-0.0904735
-0.3047724,-0.1419643,-0.1432194
-0.2679653,-0.1614122,-0.2743286
-0.2825571,-0.1905143,-0.2850878
-0.2559102,-0.213751,-0.1190306
-0.1777112,-0.1989153,0.0489041
-0.199649,-0.14685,0.0303449
-0.2203347,-0.1385378,-0.0101153
-0.1595357,-0.1488806,0.0679724
0.0815704,-0.172748,0.3741857
0.3612765,-0.14145,0.5412714
0.5040622,-0.0690786,0.3135735
0.4763531,0.0021296,0.0922663
0.4305592,0.0800816,0.1582684
0.4292133,0.1416092,0.3794245
0.4698918,0.1810755,0.5507102
0.5007847,0.2106255,0.4351429
0.4852612,0.238751,0.1968816
0.4576265,0.2570031,0.0810571
0.4497969,0.2665367,0.1012694
0.4383347,0.2836112,0.1492918
0.3658255,0.2838949,0.1869449
0.2937673,0.2719367,0.2401133
0.250098,0.2246786,0.4330582
0.2519194,0.1570684,0.6606755
0.3041173,0.0744643,0.6064837
0.2339714,0.0364214,0.2763622
0.0084745,0.073501,-0.0969031
-0.057451,0.0386908,-0.1802184
-0.0649235,0.0522184,-0.3578684
0.0129418,0.0393337,-0.2736704
-0.097501,0.0618673,-0.2248561
-0.2377184,0.1248531,-0.3008184
-0.371849,0.2179847,-0.2309582
-0.50365,0.1812255,-0.0267204
-0.540099,0.144052,0.2191602
-0.489902,0.1112551,0.0564878
-0.3840898,0.1055286,-0.1640929
-0.3514071,-0.0126245,-0.1240398
-0.075901,-0.1841112,-0.2212541
0.2563827,-0.0909684,-0.1249673
0.3611184,-0.0937592,-0.1480755
0.1901143,-0.0555643,0.0475143
-0.1509878,-0.3266133,0.1424755
-0.2226969,-0.2671051,0.4887439
0.0030051,-0.394901,0.7502592
0.186048,-0.2596378,0.4309153
0.5237908,-0.1067959,-0.5249398
0.5159194,-0.1134031,-0.7505796
-0.0282592,0.2506694,-0.4554316
-0.4211724,0.6443663,0.2001561
-0.3891878,0.4357735,0.4445816
-0.2571878,0.1571092,0.4304663
-0.2187429,0.1713878,0.4654255
-0.2069684,0.1966204,0.4328439
-0.0588408,0.1922408,0.3102296
-0.0707071,0.4533541,0.1184704
-0.1344888,0.5359316,-0.056998
-0.2151378,0.4833214,-0.2882796
-0.1335561,0.1491959,-0.4294061
0.1489929,-0.5495898,-0.6024051
0.1724235,-1.1757041,-0.0523133
0.4645102,-1.7800694,0.1624735
0.2883776,-1.2516949,0.136752
0.145,-0.1508776,-0.0352031
0.0687224,0.3375704,-0.398499
0.0152194,0.4367786,-0.5686612
0.0869122,0.1854531,-0.2577224
0.202802,-0.0957163,-0.0169306
0.1690765,-0.1744949,0.1715112
-0.0190663,-0.0069837,0.147101
-0.0130745,0.1440224,0.1780735
0.2251765,0.1334173,0.2182643
0.2346908,-0.0210724,0.1100071
0.0676827,-0.0752714,-0.0548837
-0.115099,-0.0622602,-0.1208133
-0.2258,0.0204571,0.014849
-0.2143122,0.0785235,0.0772888
-0.0907969,0.0175306,-0.0942051
0.0270153,-0.0017531,-0.1373612
0.0880071,0.0202765,-0.0673429
0.1147153,0.0219071,0.0171082
0.0889643,0.0397439,0.0743541
0.0623327,0.0226949,0.0951031
0.047752,0.0118429,0.0755082
0.0112031,0.0318776,0.0375296
-0.0086847,0.0110194,0.0079173
-0.0094469,-0.0060561,0.0356306
-0.0045245,0.0195724,0.0952714
0.0118173,0.0282061,0.0934041
0.0544837,-0.0098969,0.0048673
0.0748561,-0.0140684,-0.0015469
0.0574929,0.0151949,0.0365286
0.0284541,0.0217316,-0.0163204
-0.0145378,-0.0157316,-0.1024612
-0.0757286,-0.0455857,-0.1002041
-0.1289806,-0.0356939,-0.0697388
-0.1600469,0.0014204,-0.1004378
-0.1089827,0.0327449,-0.0887816
0.0128347,0.0411184,-0.0236867
0.0900837,0.0337265,0.0004878
0.1451827,0.0216357,-0.0379827
0.1584173,0.0262296,-0.0935857
0.1426082,0.0347959,-0.0587143
0.0900459,0.0686378,0.0535592
0.0549367,0.0723245,0.0771102
0.0316337,0.0214296,0.063349
0.0032704,-0.0161194,0.0231724
-0.0221969,-0.0041173,-0.0067327
-0.0217418,-0.0084061,-0.0244765
-0.0187796,0.0014449,-0.0389367
-0.0022898,0.0086878,-0.0158143
0.0338398,-0.0134531,0.0138082
0.0895255,-0.0644041,0.0094082
0.1284837,-0.1132898,-0.0289561
0.1690755,-0.1287582,-0.0989194
0.2300469,-0.1116296,-0.1802
0.3348684,-0.1105418,-0.1828357
0.4260755,-0.0997714,-0.1826041
0.443501,-0.0921388,-0.124451
0.4649704,-0.1234357,-0.2267051
0.4659265,-0.1522561,-0.5086541
0.4390745,-0.1384612,-0.7856112
0.3360337,-0.1113163,-0.548702
0.0349755,-0.1220694,0.1106776
-0.203351,-0.1847378,0.4140531
-0.2637561,-0.3918306,0.6109459
-0.2281663,-0.5834276,0.6382643
-0.1871643,-0.5483061,0.5468888
0.1695082,-0.430652,-0.3737949
-0.0858898,-0.202952,0.1505235
-0.2832163,-0.0289898,0.6085439
-0.1375418,0.0568408,0.0712173
-0.232299,0.0725908,-0.0247306
-0.3987735,0.049999,0.0797255
-0.5285163,0.0673622,0.1329561
-0.6471449,0.1383143,0.1488602
-0.7471255,0.2112786,0.1770204
-0.8280327,0.2414255,0.1829867
-0.8571337,0.2256388,0.103148
-0.7940276,0.2322245,-0.0502357
-0.6927673,0.2837204,-0.2353724
-0.3857235,0.1792541,-0.3660398
0.1730122,-0.1497112,-0.5392429
0.7881449,-0.5912745,-1.0226551
1.237749,-0.8172122,-0.2886949
1.0262061,-0.288752,-0.085102
0.3504592,0.2853765,-0.3131133
-0.0391908,-0.0036714,-0.0639949
-0.0035612,-0.2103051,0.4854541
-0.1865939,0.0290133,0.8807102
-0.5213888,0.2302837,0.2167429
-0.7458214,0.1549827,-0.4005367
-0.4954082,-0.2737184,-0.0647347
-0.3249765,-0.5908347,0.298501
-0.3612388,-0.315199,0.5087949
-0.3118786,0.0761755,0.4320776
-0.1856745,0.1987204,0.2825673
-0.044552,0.1855786,0.1231908
0.1291592,0.084752,-0.0632429
0.2868102,0.0026418,-0.2872786
0.3603388,0.0095133,-0.1924684
0.3087816,0.087198,-0.0718265
0.2052184,0.1935755,-0.1297
0.1767449,0.2129378,-0.1888765
0.1817061,0.1442031,-0.0765327
0.1660051,0.120199,-0.0650071
0.1159143,0.1208235,-0.074102
0.0660867,0.0661571,-0.0840806
0.0632755,-0.0823684,-0.1432469
0.0462643,-0.2285061,-0.268152
-0.0022235,-0.2351837,-0.3199357
0.0201531,-0.1645622,-0.3309735
0.2445663,-0.101752,-0.2395786
0.5075929,-0.1362918,-0.1672612
0.7282806,-0.1737286,-0.2113163
0.7996929,-0.1175612,-0.2286408
0.8700857,-0.1117827,-0.5515827
0.8401071,-0.0106582,-0.7600112
0.4593265,-0.060999,0.2705398
0.1146735,-0.249352,0.8620592
-0.1978265,-0.5373878,0.6882796
-0.2222908,-1.0107071,0.2347204
-0.1552316,-1.2184867,0.1110939
-0.2303265,-0.7629173,0.403101
-0.3145133,-0.1755561,0.4146755
-0.338848,0.1357082,-0.0499837
-0.4030857,0.1477898,-0.0394439
-0.5929163,0.1070449,0.3616969
-0.575052,0.1172776,0.2667449
-0.5678612,0.19015,0.1993806
-0.6528745,0.2646643,0.3032806
-0.7698612,0.310398,0.3721286
-0.8470153,0.3066806,0.4311837
-0.8920357,0.3166347,0.4091663
-0.8750276,0.3447316,0.2205133
-0.7899388,0.3217643,-0.1266378
-0.4770439,0.0215133,-0.7235388
0.7884643,-0.7260429,-1.399851
1.7843694,-1.2351102,-0.7323898
1.3402918,-0.5118724,0.2392806
0.6133133,0.5498143,-0.0869306
0.194252,0.432098,-0.2076612
-0.0440459,-0.2126541,0.5729714
-0.1727398,-0.3663867,1.1479827
-0.3434541,-0.4226582,-0.1603765
-0.6400582,-0.1797745,-0.219599
-0.6285071,-0.0890153,0.3880745
-0.5515796,-0.160698,0.3953653
-0.4871306,-0.1251296,0.3967694
-0.3198827,-0.003551,0.3111143
-0.1263643,0.0511888,0.1787663
-0.0072673,0.0791245,0.0604765
0.1049796,0.0918898,-0.1087418
0.2198214,0.0949173,-0.3185194
0.3088398,0.0450347,-0.133898
0.3441276,0.0722306,-0.0611684
0.3108837,0.1650643,-0.1413214
0.3076663,0.2242133,-0.1705378
0.3314418,0.1950602,-0.0903112
0.297551,0.1433602,-0.0507735
0.2153714,0.0839071,-0.0383439
0.10355,0.0600316,-0.0866429
0.0536306,-0.0033571,-0.1469
0.0537398,-0.0909276,-0.2039694
0.0961786,-0.1377276,-0.2264102
0.2068694,-0.1314112,-0.2558551
0.369302,-0.1563837,-0.1504469
0.4941316,-0.1875786,-0.1204673
0.5635153,-0.1910357,-0.1937796
0.6733694,-0.2786714,-0.1965531
0.7738939,-0.2820092,-0.7019082
0.7643092,-0.1141378,-1.1572347
0.3678959,-0.0958051,0.00215
0.0360092,-0.2641816,0.655699
-0.1853398,-0.5421092,0.725351
-0.2153143,-0.9085857,0.3878245
-0.0988735,-1.0161469,0.3645306
-0.05465,-0.6446949,0.5231051
-0.1905214,-0.1270837,0.4250153
-0.3214224,0.1591061,0.2293745
-0.3598898,0.210051,-0.3701857
-0.5712418,0.1817122,0.3509786
-0.629402,0.1800265,0.5186765
-0.6344847,0.1970051,0.2492245
-0.6355827,0.193548,0.2519622
-0.7285327,0.2134327,0.3878388
-0.8616571,0.2591214,0.439552
-0.9375163,0.3416827,0.3555408
-0.9380173,0.413299,0.17835
-0.8508378,0.3065439,-0.3367847
-0.1627061,-0.2569878,-1.0991908
1.0888173,-1.0636827,-1.3712857
1.356902,-1.237751,-0.6094449
0.7056735,-0.2631439,0.2237898
0.4244388,0.4440408,0.0988867
0.0775684,0.106548,0.1919
0.1278418,-0.3771143,0.7136612
0.0115367,-0.3881143,0.6036316
-0.5254776,-0.1387133,-0.5995296
-0.7870082,0.0168388,-0.1406602
-0.7470561,-0.1144306,0.5018388
-0.5844724,-0.2595214,0.5617378
-0.4872122,-0.1133673,0.545
-0.3203643,0.1182612,0.3336888
-0.1598051,0.1862959,0.1660378
-0.0105755,0.1718122,0.0049255
0.1214653,0.1047653,-0.1506194
0.2577418,0.0216051,-0.2944316
0.3672459,-0.0264112,-0.0405878
0.3854,0.0734969,-0.019902
0.3257276,0.2007051,-0.1359898
0.3319704,0.2450531,-0.1364949
0.3175163,0.2205194,-0.0716255
0.2619857,0.1263622,-0.1188439
0.1365439,0.0152551,-0.1485704
0.0423204,-0.0855633,-0.1486367
0.0189306,-0.1697143,-0.1213673
-0.050152,-0.1203296,-0.0758102
-0.0440092,-0.0819153,-0.0504714
0.0975786,-0.0799031,-0.0340469
0.4154571,-0.1418684,-0.0572122
0.7177796,-0.2229796,-0.058948
0.9430347,-0.3208765,0.0415888
0.9136255,-0.2671143,-0.4160082
0.8670949,-0.1190143,-1.2040031
0.4818102,-0.1021316,-0.2883653
0.1003316,-0.3049888,0.4727663
-0.1920541,-0.5242082,0.6779653
-0.2725602,-0.8475663,0.3901143
-0.2181949,-1.0664296,0.3012418
-0.1831867,-0.8180918,0.4683082
-0.3088561,-0.3277602,0.5327939
-0.3714153,0.0392214,0.3286531
-0.3764255,0.1730612,-0.1947327
-0.5359531,0.170848,0.2748469
-0.6456888,0.1726806,0.4395061
-0.6727939,0.1756776,0.2564969
-0.6817449,0.2018571,0.2227918
-0.7623857,0.2629388,0.3178296
-0.8704561,0.3509071,0.4236224
-0.9393878,0.4301765,0.3688316
-0.9404551,0.4788959,0.2170867
-0.8858469,0.4246082,0.0072378
-0.5526592,-0.0306908,-0.8552429
0.8505418,-0.9047561,-1.6036102
1.7513408,-1.540248,-0.7731041
1.0672255,-0.6623663,0.050952
0.5952061,0.4718745,-0.2007939
0.1210633,0.5576622,0.0283388
0.026248,-0.0778367,0.9428765
-0.0289316,-0.3064398,1.0162939
-0.1350388,-0.5029235,-0.8441847
-0.591049,-0.1860847,-0.1372908
-0.7687184,-0.0988459,0.4283857
-0.7700918,-0.2429643,0.3882173
-0.6548306,-0.2129847,0.3639449
-0.3864786,-0.0066694,0.306602
-0.2029561,0.134149,0.1570347
-0.1237347,0.1690867,-0.0053245
0.0235194,0.1371388,-0.2429378
0.1882704,0.0662531,-0.3648296
0.310899,-0.0228796,-0.0165673
0.4097673,0.0153245,0.0974071
0.438248,0.1357776,0.0001857
0.3792735,0.1995143,-0.0475204
0.3244327,0.1876867,0.0048959
0.320501,0.1592827,-0.0202673
0.2694724,0.1045092,-0.0270653
0.166852,0.0201102,-0.0532898
0.0754316,-0.0506918,-0.1193051
0.0096888,-0.1013857,-0.1940357
-0.0859653,-0.140452,-0.1878898
-0.0661949,-0.1672378,-0.1437684
0.0890224,-0.1177388,-0.0780755
0.3954102,-0.1585102,-0.0925541
0.7279092,-0.2763194,-0.0679153
0.8789378,-0.3701857,-0.108851
0.8606418,-0.2373184,-1.2590796
0.6940286,-0.1188143,-0.6251571
0.2237082,-0.1806867,0.2341204
-0.1528388,-0.4643194,0.4971439
-0.3842429,-0.8148704,0.4992622
-0.3747847,-1.1664571,0.218599
-0.3624276,-1.0476143,0.0691459
-0.452849,-0.4992582,0.29695
-0.4369143,-0.0535031,0.3610929
-0.4203929,0.1440357,0.1697051
-0.3944867,0.1685031,-0.1142102
-0.5578214,0.174002,0.1533796
-0.6490469,0.1499265,0.1416918
-0.6976898,0.1816806,0.1284367
-0.7624459,0.2504633,0.177
-0.8764663,0.3162653,0.25615
-0.9455908,0.4031061,0.3299439
-0.945201,0.4785163,0.2817653
-0.8894316,0.5094031,0.1211745
-0.7644,0.3944061,0.0484143
-0.2595959,-0.0681459,-0.6720704
1.2201816,-1.0790949,-1.7257541
1.8575082,-1.6300459,-1.1283816
1.3188949,-0.5498633,-0.1832296
0.7957735,0.5958816,0.0743408
0.1412622,0.6695684,0.0100561
-0.3356449,0.319201,0.0320143
-0.7920041,0.33785,0.6488776
-1.0812194,0.0404449,0.3040612
-0.5941367,-1.2326918,-1.2811806
-0.0756235,-1.8072378,0.0162112
-0.5318847,-0.5544327,0.6099459
-0.8843061,0.4447418,0.6354745
-0.7910143,0.5433653,0.0581265
-0.4533622,0.1861939,-0.1830918
-0.0561429,-0.3011327,0.1455286
0.2536949,-0.5501173,0.2951408
0.4293561,-0.4136,-0.1485724
0.2338092,0.0309735,-0.604498
-0.0191816,0.2541204,-0.2036194
0.0657847,0.245951,-0.1305388
0.2372163,0.1813041,-0.1996867
0.245101,0.1504704,-0.1765327
0.188599,0.1500296,-0.204399
0.1835663,0.1084327,-0.2073612
0.1665582,0.0566653,-0.0949592
0.098252,0.0530724,-0.0506847
0.069851,0.0422673,-0.0541847
0.0563306,0.023402,-0.087901
0.0464551,0.01115,-0.1032388
0.0919612,-0.0171418,-0.1090092
0.2923184,-0.09,-0.1557653
0.4697765,-0.0914194,-0.2264541
0.5860796,-0.0636867,-0.2216541
0.7037214,-0.0490418,-0.3904878
0.877451,-0.2362,-0.9564551
0.9923582,-0.507852,-0.7036653
0.4690459,-0.2296286,0.0116918
0.0540929,-0.1958296,0.4469031
-0.163552,-0.4925102,0.4757429
-0.2608143,-1.0235867,0.0803796
-0.3959837,-1.4866592,-0.3846796
-0.7153755,-1.1284316,-0.2980673
-0.7986173,-0.4496194,0.1181796
-0.6117469,-0.0073357,0.2905347
-0.5633684,0.1519031,0.2782153
-0.6080878,0.207649,0.0847918
-0.6593959,0.2466235,-0.0639541
-0.7044398,0.2692133,-0.1242357
-0.7205541,0.2909143,0.0159194
-0.7260602,0.3403347,0.3074918
-0.7312755,0.4460653,0.459548
-0.7611663,0.5813582,0.3835816
-0.7700031,0.6457173,0.3228224
-0.5793643,0.4173439,-0.0525816
0.0892714,-0.1639898,-0.7977296
1.504752,-0.9950459,-1.5907133
2.2549112,-1.2314827,-0.810302
1.65205,-0.0516265,-0.1490704
0.6058612,0.7457898,0.0446388
-0.0247184,0.1636857,0.2379316
-0.472451,-0.1249541,0.4517051
-0.3982704,-0.5970153,-0.10075
-0.4514041,-0.6458551,-0.6958398
-0.7451388,-0.1985939,-0.1525929
-0.7410398,0.0897663,0.2765755
-0.6061551,0.0653531,0.1592908
-0.3230265,-0.0209173,0.1120255
-0.098348,-0.0287704,0.2414663
0.0791469,-0.0222663,0.1555837
0.17745,-0.0055143,-0.0113612
0.1878367,0.0253051,-0.0241449
0.3235276,-0.0027735,-0.0692857
0.5095969,-0.0195939,-0.2414918
0.5969255,0.0043673,-0.1888408
0.5991439,0.0641643,-0.1513276
0.5632153,0.1071816,-0.2447184
0.5569867,0.0793949,-0.3959888
0.5561071,0.0241112,-0.2418755
0.4353735,0.0375663,-0.2053847
0.2474653,0.049151,-0.2586786
0.0889306,0.042148,-0.2279765
0.0442837,0.0289765,-0.1366357
0.0349357,0.0426102,-0.063602
0.1131245,0.0493724,-0.0422949
0.2678306,0.0288643,-0.0445663
0.4411449,0.0002745,-0.1021378
0.5075337,-0.0589214,-0.2023306
0.492101,-0.1687816,-0.2443173
0.5900194,-0.3671143,-0.4568153
0.6454918,-0.3350173,-0.8165439
0.4456153,-0.240952,-0.0131837
0.0854357,-0.2849459,0.3668337
-0.2453602,-0.4789633,0.5913408
-0.2813133,-0.8182673,0.4472582
-0.2555837,-0.9746133,0.1856418
-0.2761296,-0.6601857,0.2565347
-0.314549,-0.2034837,0.4226857
-0.3621806,0.0846439,0.3641694
-0.3710194,0.1916745,-0.171049
-0.443699,0.2086673,-0.0684224
-0.5420551,0.1631898,0.2973071
-0.5883469,0.1415653,0.1882184
-0.6024071,0.1269245,0.1314602
-0.6808235,0.1434531,0.2443296
-0.7893694,0.2270816,0.3160704
-0.859701,0.3303806,0.3016847
-0.8508337,0.4019663,0.2101214
-0.7809531,0.4107561,0.0547367
-0.6548684,0.2587908,-0.2386235
0.1330786,-0.3420694,-1.0292194
1.5628969,-1.2104224,-1.114198
1.9987959,-1.1683163,-0.2018571
1.4344367,0.1653776,0.1234592
0.3554,0.8607827,0.0024776
-0.1798827,0.5978551,0.4903673
-0.4486082,0.1742806,0.5538469
-0.252049,-0.4434622,0.0042133
0.0837173,-1.128249,-0.8598806
-0.3916122,-0.5165194,0.1564592
-0.7777663,0.206102,0.274248
-0.5444184,0.2286296,0.0942949
-0.1008888,0.0045469,0.0134347
0.0500745,-0.0112939,-0.0013184
0.1306439,-0.0138898,-0.0187296
0.1986959,0.0252714,-0.1071194
0.277299,0.0907643,-0.2167265
0.3733837,0.1152929,-0.3341531
0.4778663,0.053999,-0.2542071
0.5187367,0.0379827,-0.2111347
0.509248,0.086002,-0.2137449
0.4792898,0.1272306,-0.1718673
0.5180224,0.1234959,-0.064351
0.5414531,0.1346327,-0.0756918
0.4466,0.1474837,-0.1076541
0.3005071,0.0599041,-0.1037969
0.2157776,-0.0427469,-0.1071143
0.1777398,-0.1195173,-0.1024286
0.1402786,-0.1578602,-0.1565837
0.1754286,-0.1469806,-0.2433786
0.3438745,-0.1296837,-0.26035
0.5858031,-0.1869806,-0.3054306
0.7348796,-0.1687031,-0.3512898
0.8311286,-0.1692163,-0.5435092
0.8777388,-0.0587112,-0.9910806
0.6091143,-0.0202286,-0.0124816
0.2578224,-0.1805643,0.6063633
-0.0797643,-0.4668367,0.606302
-0.2166755,-0.920949,0.2398469
-0.2542337,-1.1740235,-0.0164561
-0.313802,-0.7733153,0.4650286
-0.2955684,-0.2699235,0.7531449
-0.2849367,0.0295337,0.4221643
-0.3849378,0.1789316,-0.1757837
-0.437051,0.2363724,-0.3965235
-0.6013704,0.1674816,0.3351612
-0.6587663,0.1303173,0.322651
-0.7032633,0.1827337,0.1406908
-0.7560408,0.2125449,0.2310306
-0.8249194,0.2255755,0.3730827
-0.8996622,0.2871316,0.3485112
-0.9395133,0.3886694,0.2234449
-0.8678306,0.4140673,0.0283571
-0.7217184,0.1676673,-0.5026724
0.5423245,-0.5861949,-1.5657888
2.0230031,-1.5131153,-0.8979143
1.8599398,-0.9364622,-0.0266663
0.7414857,0.5814939,-0.1263571
0.1279582,0.7025429,0.3782449
-0.3071459,0.223049,0.6140929
-0.3789286,-0.2164959,0.0689082
0.0616837,-0.9447133,-0.661202
-0.2861204,-0.6283857,0.1821031
-0.7905122,-0.0063867,0.1344388
-0.9197918,0.1573429,0.0610939
-0.5057306,-0.0189847,0.0162694
-0.1998888,-0.1071194,0.0861163
-0.0921439,-0.0238224,0.0978704
-0.0108398,0.0570071,-0.0346082
0.1158439,0.0979204,-0.1751602
0.2479786,0.0929173,-0.3385051
0.3316684,0.0553388,-0.2773184
0.3648306,0.0523653,-0.1669265
0.3567092,0.1079969,-0.1033235
0.3614786,0.150002,-0.0952714
0.40765,0.1243418,-0.0335612
0.4725735,0.1007224,0.0064122
0.4470378,0.1189112,-0.0542224
0.4112449,0.0517827,-0.1132582
0.2864622,0.0158949,-0.2174633
0.2252214,-0.0921,-0.2760694
0.1722816,-0.1789347,-0.2544041
0.1986704,-0.1203153,-0.1478214
0.3449367,-0.0988663,-0.0912827
0.5013357,-0.1739684,-0.2566776
0.6257714,-0.2505571,-0.3739459
0.7999347,-0.2387306,-0.9898827
0.8082684,-0.086549,-0.4928653
0.5272204,-0.0894388,0.3296133
0.1017622,-0.3123061,0.6121143
-0.2212429,-0.6518888,0.5924898
-0.256701,-1.1076092,0.1390265
-0.2458918,-1.1895367,-0.0157224
-0.3270306,-0.6368398,0.4835163
-0.3539816,-0.1623194,0.6667388
-0.3783582,0.0750908,0.4472776
-0.416148,0.1660755,-0.1850816
-0.4705347,0.212602,-0.4105204
-0.5945929,0.2042684,0.2121143
-0.6494673,0.215448,0.1712184
-0.6952551,0.2342255,-0.0023418
-0.8127796,0.2614582,0.1342908
-0.9330255,0.3242694,0.238152
-0.9925551,0.3594673,0.1241837
-0.9058388,0.3428816,-0.0827337
-0.8197265,0.2532255,-0.3950898
-0.2342459,-0.2259398,-1.5218561
1.0818878,-1.0489327,-1.4258908
1.6547612,-1.2322388,-0.2898122
1.2423541,-0.1089908,0.1106041
0.6513969,0.813001,-0.1368776
-0.1127592,0.870802,0.7506694
-0.0432969,-0.0261837,0.1124531
0.5318184,-1.0886388,-1.4663316
-0.0170367,-1.0502735,-0.2580837
-0.9231286,-0.1768663,0.1970245
-1.1343398,0.0902173,-0.0645878
-0.7490133,-0.1604153,-0.2294327
-0.4342214,-0.2605694,-0.1900786
-0.2855102,-0.1599724,-0.0241357
-0.2175418,-0.0145337,-0.0134133
-0.0972531,0.0483857,-0.1091898
0.0429878,0.0288112,-0.1896582
0.1889235,-0.0084714,-0.2496418
0.3090337,-0.0188388,-0.2930653
0.411448,-0.0166469,-0.2387745
0.4299602,0.0649959,-0.087049
0.3955367,0.1612847,-0.0438163
0.396349,0.2174622,-0.0547306
0.4094122,0.1801235,-0.091101
0.3956816,0.0883102,-0.1428908
0.3414163,0.0139184,-0.2410612
0.2274806,-0.0287867,-0.2964908
0.1307102,-0.0413408,-0.3398235
0.0786214,-0.0599745,-0.3117306
0.1301745,-0.0669796,-0.1789235
0.3027469,-0.0797918,-0.0502918
0.4698265,-0.1389286,-0.0252051
0.5784633,-0.1523439,-0.0800888
0.7214541,-0.2778929,-0.1737163
0.7386714,-0.2875908,-0.8861704
0.7399398,-0.1815071,-1.1152316
0.4664204,-0.1959286,0.1462214
0.0700969,-0.3602622,0.4829031
-0.3154224,-0.5896592,0.6286857
-0.3130541,-1.0247959,0.3012561
-0.2576745,-1.1542153,0.1015663
-0.3801714,-0.622849,0.3311776
-0.4038827,-0.1085,0.4339286
-0.3285082,0.0792388,0.3849459
-0.3258367,0.1404684,-0.0754153
-0.3994918,0.1723429,-0.1200959
-0.5450378,0.1860153,0.2281837
-0.597552,0.2288469,0.1687061
-0.6258224,0.2661194,0.0567663
-0.7328582,0.2949816,0.2125786
-0.8636724,0.3316071,0.2990224
-0.9247388,0.3907255,0.2626214
-0.8658449,0.4366194,0.1840296
-0.7604112,0.3782296,0.0049031
-0.5715296,0.0625449,-0.6186816
0.5744673,-0.7217592,-1.8995684
1.6994449,-1.4288133,-0.9431378
1.7548306,-0.8845714,-0.0257
0.9083786,0.4566929,-0.147351
0.1169439,0.9843173,-0.1281265
-0.2574327,0.6596959,0.8787194
-0.342002,0.0068878,0.5617806
0.0273592,-0.8980929,-0.890452
0.0937806,-1.378202,-1.0631878
-0.6354796,-0.4599633,0.2169143
-1.0778194,0.2241622,0.1304276
-0.5736347,0.1386061,-0.0747306
-0.1691561,-0.0061245,-0.1153663
-0.0061622,-0.0023143,-0.05065
0.0458898,0.0148316,0.0015653
0.1344694,0.0195745,-0.0356612
0.2468469,0.0172898,-0.1685643
0.3239286,0.03955,-0.339199
0.3576694,0.0520429,-0.2845235
0.3469776,0.0813051,-0.2033816
0.3388929,0.11045,-0.1765541
0.3408031,0.1201694,-0.1585378
0.3380837,0.1186551,-0.0821163
0.3469214,0.1184316,-0.0329061
0.3051327,0.1081082,-0.082352
0.1922378,0.0675061,-0.090502
0.115252,-0.0081837,-0.0932184
0.1063071,-0.1062235,-0.0972929
0.0476551,-0.0877561,-0.1055837
0.0090071,-0.0304765,-0.0686724
0.136448,-0.0809663,-0.0496939
0.3376898,-0.1927163,-0.0812051
0.5214082,-0.2736398,-0.2255939
0.570551,-0.2714327,-0.2996847
0.6234378,-0.347202,-0.5208041
0.7126643,-0.2211122,-1.1418745
0.6644786,-0.1104582,-0.302249
0.303599,-0.2197122,0.2572561
-0.1486092,-0.4163122,0.4888153
-0.3997633,-0.7040796,0.3955469
-0.4296439,-0.9758316,0.2356959
-0.3855418,-0.8309531,0.2655602
-0.3880776,-0.3322561,0.372051
-0.2951429,0.0301724,0.3538459
-0.3174724,0.1362367,0.1928939
-0.2515276,0.1387755,-0.2155622
-0.4435429,0.1456612,0.2836653
-0.5035051,0.115452,0.215749
-0.5529367,0.1233612,0.0883571
-0.6507612,0.1942663,0.1235643
-0.8150735,0.2777224,0.2350684
-0.9346041,0.336499,0.2702643
-0.9470082,0.3663418,0.2618939
-0.8667051,0.382701,0.124352
-0.794148,0.345149,-0.0858714
-0.553848,0.0283214,-0.8047143
0.8616622,-0.8594306,-1.6019541
1.9961388,-1.5763541,-0.8479194
1.5566235,-0.6281071,-0.291552
0.5183776,0.7092735,-0.0681898
-0.0327204,0.8345286,0.0027418
-0.2301408,0.18185,0.5138949
-0.2677327,-0.3042959,0.5176714
-0.0198827,-1.0399663,-0.9399918
-0.2400041,-0.8353449,-0.2029245
-0.755252,-0.0505153,0.2204622
-0.7343918,0.2224418,0.0495806
-0.3243847,0.025452,-0.0713265
-0.0701622,-0.0290561,-0.0178092
0.0469276,0.0307592,0.0053337
0.1407765,0.040152,-0.0334939
0.2380653,0.0396571,-0.1212929
0.3410541,0.023448,-0.2614051
0.4087102,0.0125745,-0.3467898
0.4729429,8.98e-05,-0.1869592
0.4668469,0.0648102,-0.1334367
0.4173571,0.1437327,-0.1399204
0.4141714,0.1667224,-0.1133857
0.4139398,0.135799,-0.0382755
0.4190388,0.1160224,-0.0598245
0.3875459,0.1069296,-0.0733633
0.2999837,0.0624735,-0.0688245
0.205651,-0.0005418,-0.1152571
0.1119643,-0.0387571,-0.1839878
0.0446969,-0.0577908,-0.2345173
0.0500898,-0.0728102,-0.1951806
0.1524684,-0.0352255,-0.0983224
0.3615571,-0.1012306,-0.0309582
0.5515643,-0.168752,-0.0548704
0.6854316,-0.2482786,-0.1204082
0.6546357,-0.2771918,-0.4659816
0.7640673,-0.1883918,-1.1844163
0.749401,-0.1179531,-0.150851
0.4084755,-0.2514194,0.3094735
-0.0703724,-0.4826735,0.3124429
-0.4040541,-0.7120724,0.3917908
-0.4126704,-0.9381347,0.2792061
-0.3587949,-0.7840286,0.2661857
-0.4137959,-0.3064949,0.3959459
-0.2786918,0.0215449,0.4148847
-0.2604337,0.1011449,0.4268878
-0.1409827,0.0970449,-0.1638867
-0.2066704,0.1179633,-0.0426969
-0.4446133,0.1955051,0.2888
-0.5277735,0.25075,0.1114806
-0.5854286,0.279202,0.0846959
-0.706901,0.3077071,0.2346969
-0.8429827,0.3300694,0.2393724
-0.8993827,0.3682643,0.2043071
-0.8297061,0.4075265,0.1208367
-0.7489469,0.3778367,-0.128899
-0.6356827,0.0949,-0.8715429
0.6171847,-0.6997724,-1.5243918
2.047999,-1.5144276,-0.8339143
1.7613337,-0.7823612,-0.1435378
0.658452,0.6753776,-0.0323082
0.0307622,0.9039031,-0.1179224
-0.2014929,0.3523867,0.4629724
-0.2493071,-0.206201,0.4719724
0.0392959,-0.980751,-0.5590133
-0.0844776,-0.970048,-0.5374551
-0.6603337,-0.0868714,0.2117143
-0.8568724,0.308699,0.1552745
-0.6049061,0.1517714,-0.0015286
-0.207001,-0.0168755,0.0605898
-0.0906173,-0.0003,0.1084745
0.0089337,0.004349,0.0513388
0.1128459,0.0222888,-0.0688122
0.2360612,0.0210622,-0.2128296
0.2912245,0.0380296,-0.3184806
0.3348571,0.0367153,-0.2817337
0.3391673,0.0651551,-0.2116316
0.311799,0.1294551,-0.1751469
0.3202306,0.1319633,-0.1434071
0.3268276,0.0825061,-0.0918
0.3508031,0.0584806,-0.0534367
0.3131633,0.0799745,-0.0628418
0.2028918,0.0977102,-0.0761439
0.1310663,0.0536224,-0.0734908
0.0790959,-0.0211408,-0.0657184
0.0423143,-0.074798,-0.0857449
0.0828163,-0.1373388,-0.1735592
0.1602051,-0.0871847,-0.2224582
0.3351888,-0.0753367,-0.1826429
0.5171724,-0.1171714,-0.2291827
0.6818133,-0.19935,-0.1888959
0.7353602,-0.2690224,-0.2576571
0.7731316,-0.1590194,-0.8733194
0.7320235,-0.1072888,-0.4597306
0.3761245,-0.2942867,0.2301255
-0.1004316,-0.5250357,0.3976286
-0.4270735,-0.80425,0.4422837
-0.4545653,-1.0596969,0.2561745
-0.3880837,-0.8935898,0.3588367
-0.3579265,-0.4001357,0.5106959
-0.3291194,-0.0158367,0.4337612
-0.3187214,0.1125949,0.312702
-0.1668163,0.1196357,-0.3320327
-0.3879592,0.1266469,0.2219102
-0.5633959,0.1344,0.3383378
-0.589952,0.1807367,0.1273347
-0.640751,0.2363398,0.1612153
-0.7607173,0.2817541,0.2752408
-0.8729929,0.3220582,0.3198041
-0.9597276,0.3547643,0.2853265
-0.9384459,0.3685541,0.1753408
-0.8196163,0.3158724,0.0027837
-0.6644306,0.0165367,-0.7542418
0.5290755,-0.7271469,-1.6436102
1.7701143,-1.505648,-0.8800816
1.3550633,-0.864751,-0.253552
0.7093133,0.4034112,-0.0235908
0.2639918,0.8325633,-0.0184908
-0.084002,0.3912051,0.6316388
-0.2912214,-0.0924357,0.7883031
-0.282249,-0.5490796,0.1048245
-0.1144602,-1.1334235,-1.515098
-0.5118316,-0.6628714,0.0050857
-0.9045418,-0.0464816,0.1709143
-0.8023857,0.1583704,0.0065918
-0.4016704,0.0549143,0.0027449
-0.0867571,0.0379949,0.0403153
0.0447367,0.0219337,-0.0170194
0.1105704,0.0034469,-0.1110622
0.193051,-0.0061265,-0.1814663
0.2853786,-0.010902,-0.272402
0.343898,0.0158194,-0.2941551
0.3338755,0.0686276,-0.152
0.3252082,0.1626714,-0.1144163
0.3690041,0.1731898,-0.1080898
0.4000276,0.0835806,-0.0950082
0.4798031,0.0185367,-0.0793847
0.5126,0.0529561,-0.0999418
0.4027714,0.1315633,-0.0965143
0.289101,0.1193786,-0.0905143
0.1515286,0.0316082,-0.1248929
0.0513286,-0.0640255,-0.1698878
-0.0077061,-0.0911673,-0.2087235
0.0328735,-0.0834673,-0.2097745
0.1714714,-0.0723153,-0.1476612
0.3095653,-0.1059449,-0.1271939
0.4165857,-0.1572173,-0.1964939
0.5056265,-0.236199,-0.1198439
0.5752061,-0.2463347,-0.2747592
0.8005806,-0.1938745,-0.9632439
0.7596531,-0.1680571,-0.330899
0.3349469,-0.1848939,0.4076418
-0.0836459,-0.3035816,0.4642918
-0.3314561,-0.5709122,0.467102
-0.3560378,-0.9223878,0.3223306
-0.3041806,-0.9195439,0.3458347
-0.3073143,-0.4527847,0.6306163
-0.2437724,-0.057302,0.627149
-0.315598,0.1532745,0.3173316
-0.3178214,0.2012429,-0.3456898
-0.3373143,0.1762602,-0.1615296
-0.4617827,0.0845286,0.3903949
-0.4812429,0.0554102,0.1637112
-0.5139908,0.089551,0.1022041
-0.6517224,0.1281133,0.2324612
-0.8062357,0.1921684,0.1328857
-0.8880827,0.2809806,0.0800571
-0.841101,0.3606357,0.0329694
-0.7044408,0.3633796,-0.1061755
-0.6123276,0.2237714,-0.4424694
-0.1605398,-0.1557173,-0.436198
0.5702459,-0.5757092,-0.1722439
1.1307122,-0.6481633,-0.1206949
1.5031102,-0.3782959,0.2414898
1.615198,0.1264173,-0.500899
0.78665,0.5894796,-0.4364459
0.1977459,0.3389418,0.2680469
0.1726643,-0.2983837,0.5264194
0.2113531,-0.7251735,0.3079133
-0.1876673,-0.651051,-0.4139867
-0.6825296,0.0365929,0.3359418
-0.9382816,0.2065439,0.2120245
-0.790852,-0.0667439,0.0613153
-0.6721061,-0.2771041,0.0467112
-0.5849959,-0.1714969,0.2031337
-0.3312592,0.0729684,0.1408786
-0.1391663,0.1149908,0.0442653
-0.0172898,0.0853194,-0.0582847
0.0953153,0.0240561,-0.1240531
0.2015888,-0.0310898,-0.0716133
0.2994806,-0.0483704,0.05665
0.3679959,0.0057786,0.1703337
0.3897245,0.0791347,0.1552633
0.382199,0.1124969,0.0417959
0.3403806,0.1077704,-0.0107082
0.3084306,0.0646071,-0.0313735
0.260799,0.013352,-0.0014071
0.1385633,0.0007429,0.0141357
0.0510184,-0.013598,0.0340306
-0.0080724,-0.0223929,-0.0126
-0.0382714,-0.0247653,-0.0811806
-0.0809327,-0.0242867,-0.087602
-0.1365653,-0.0313612,-0.0193531
-0.1407367,-0.0537459,0.0552051
-0.1219235,-0.0952806,0.1886704
-0.0681867,-0.1726449,0.3243398
0.1023286,-0.2494408,0.4118051
0.2949449,-0.2077,0.2741806
0.3254806,-0.055402,0.0360745
0.27855,0.0287582,0.1143133
0.2125469,0.0530806,0.077499
0.0997,0.0255,-0.0982714
-0.0043,-0.0751429,-0.11125
-0.1046398,-0.1525694,-0.0206051
-0.2165102,-0.171348,-0.0305592
-0.3395031,-0.1221316,-0.0360571
-0.4347316,-0.0447684,-0.0257531
-0.4239459,0.0101061,-0.009348
-0.290848,0.040051,0.0163316
-0.166502,0.0713102,0.0769316
-0.0517704,0.079452,0.0998367
0.0796337,0.071651,0.0907918
0.2060796,0.0563469,0.0908541
0.2648,0.0341418,0.1187122
0.3167204,0.0054673,0.1231122
0.3475439,0.0446592,0.0867082
0.2775449,0.1402224,0.0259357
0.1698184,0.1412316,-0.0148724
0.0730806,0.0142602,-0.0491122
0.0381694,-0.0329592,-0.0930133
0.0136582,0.0178235,-0.0593378
-0.0202398,0.0501041,-0.0819816
-0.1815439,0.1005551,-0.1122347
-0.3176816,0.1305663,-0.0377051
-0.2172867,0.032751,0.1345235
-0.1353776,-0.0227643,0.1090214
-0.0698735,-0.0530827,0.0581459
-0.033002,-0.0259031,0.0479959
-0.0108316,0.0545622,0.1034816
0.0448112,0.1173092,0.1630724
0.1433969,0.0995082,0.1536643
0.1931112,0.074102,0.0934398
0.1757949,0.0815276,0.0348184
0.1685694,0.0978388,-0.0533898
0.2214684,0.0633633,-0.0911867
0.321649,0.0270643,-0.0839347
0.4071224,0.0063204,0.0445735
0.3778153,0.0871245,0.0653561
0.3005571,0.1451398,-0.049298
0.1223398,0.0829163,-0.1160459
-0.0375112,0.0071633,0.0019582
-0.0875949,-0.0238755,0.0604092
-0.0781041,-0.0298816,-0.0303082
-0.1006163,-0.0666051,-0.0873867
-0.1567796,-0.1983255,-0.0664735
-0.2343153,-0.4267847,-0.0693663
-0.3287612,-0.3649133,0.0391276
-0.387651,-0.0476051,0.0170837
-0.3786459,0.0561531,-0.0022867
-0.2227173,0.0532235,0.1933408
-0.068351,0.0435031,0.3233673
0.0345531,-0.0431245,0.3185143
0.1255714,-0.0993347,0.2982969
0.1716612,-0.0635194,0.1440051
0.1554388,0.023601,0.0241
0.0756133,0.0740704,-0.0161592
0.0289,0.065102,-0.0378857
-0.0075714,0.0424622,-0.0707265
0.0307296,0.0080204,-0.0848449
0.0437122,0.0192847,-0.0866296
0.0140673,0.0709122,-0.1061092
0.0196602,-0.0233459,-0.1874531
0.0274612,-0.2167173,-0.2451939
-0.0718969,-0.1828612,-0.1995898
-0.1767806,-0.0326,-0.030049
-0.1948061,0.0342561,0.1019827
-0.1566663,0.0262367,0.1272704
-0.0813765,-0.0062735,0.0745102
-0.0078959,-0.0224469,0.0263153
0.051799,0.011048,-0.0405449
0.0751143,0.0637847,-0.2064092
0.0698949,0.0719673,-0.0362704
0.0719286,0.0101031,0.1499765
0.0536551,-0.0718765,0.0965643
-0.0116959,-0.091802,-0.0618949
-0.0921786,-0.0549633,-0.0615939
-0.1109918,-0.0328806,0.0427245
-0.0937939,-0.0499061,0.0306255
-0.0711143,-0.0795388,-0.0387224
-0.042701,-0.0659061,-0.0568041
-0.0152296,0.0100214,-0.0477092
0.0277276,0.0456224,0.0039429
0.0347071,0.0289653,-0.1296327
0.0304449,0.0341122,-0.083798
0.0473133,0.052102,0.0639816
0.0997776,0.0866643,0.0490551
0.1458,0.0285071,0.037902
0.1423378,-0.0137347,-0.006951
0.1264918,-0.0651,-0.0574929
0.0604418,-0.0318337,-0.0327112
0.0722102,-0.0046388,-0.0534673
-0.0706816,0.0675888,-0.0225837
-0.0226398,0.0352816,-0.0406367
0.0398,-0.0377092,-0.0240857
-0.0025418,-0.011502,-0.0386122
0.0375663,0.031802,-0.017298
0.0382153,0.0258378,0.0392224
0.0645969,0.0002286,0.0446204
0.0373214,0.0446418,0.0109582
0.0058949,0.0122255,-0.0847122
0.0352939,-0.0012061,-0.0630694
-0.0448,-0.0031184,-0.0298949
-0.0908418,-0.0367051,-0.002301
-0.0945684,-0.0525367,0.075799
-0.0881959,0.019848,-0.0161296
0.030651,-0.0060541,0.0290082
0.0523398,-0.0243714,0.0215857
0.0812031,0.0101827,-0.0400531
0.1138745,0.0341153,-0.0740143
0.1284888,0.02515,-0.0560163
0.1511847,-0.0013837,-0.0230561
0.1709316,-0.0286541,-0.0229459
0.2224112,-0.0343673,-0.0650663
0.2671163,-0.0400041,-0.1120867
0.3291388,-0.1110724,-0.1398439
0.3135827,-0.1479694,-0.1917092
0.2743888,-0.188852,-0.3417092
0.1809224,-0.0638531,-0.7302092
0.3088724,-0.0637418,-0.5577939
0.1817571,-0.2029378,0.0245857
-0.0421173,-0.3790969,0.2757878
-0.2901173,-0.4075235,0.4079776
-0.3275357,-0.4817888,0.8859531
-0.3449531,-0.5761429,0.8951857
-0.2016245,-0.7402776,-0.3801837
-0.366249,-0.2879582,-0.3720724
-0.5304724,-0.05595,0.3655051
-0.4375663,0.0675469,0.1710194
-0.4258959,0.2883653,0.1624735
-0.407299,0.359351,0.173752
-0.3278449,0.3570551,0.0163684
-0.3197439,0.3551398,0.02935
-0.3642582,0.3823531,0.1614143
-0.4398582,0.3776837,0.2159398
-0.4757847,0.2959469,0.1513939
-0.4403694,0.2364071,0.1094041
-0.2959582,0.24815,-0.0364908
-0.3092867,0.6850816,-0.0813561
0.0562908,0.344602,-0.0724112
0.5213265,-0.4675969,-0.3124163
0.6873939,-0.5611959,-0.6677857
1.0614418,-0.8189755,-0.6413622
0.8135571,-0.5542224,-0.5177622
0.3032724,-0.3619061,-0.2789255
-0.1211051,-0.0840796,-0.1271337
-0.2586796,0.0571194,-0.0636214
-0.158551,-0.0862796,0.2038173
-0.0740684,-0.28205,0.7328296
0.2815296,-0.2077898,-0.1778939
0.3617378,-0.419298,-0.7486439
-0.1736051,-0.7672439,0.8817898
-0.3801,-0.4689306,-0.0317
-0.331852,-0.2345112,0.0272459
-0.2267653,-0.1220755,0.5556235
-0.0938306,0.0173133,0.141599
0.1604,0.1063714,-0.1565112
0.3614959,0.0815327,-0.1917531
0.5045194,0.0590204,0.4157541
0.3289173,0.064299,0.1611092
0.0058745,0.1648969,-0.4455704
-0.1519612,0.2858337,-0.4880367
-0.0077092,0.2843786,-0.2946143
0.1203306,0.1481622,-0.1428408
0.1391276,-0.0593592,-0.0793224
0.0916092,-0.0500745,-0.0604388
0.1255357,0.292652,-0.3519969
0.4785041,0.2314265,0.0460082
0.8345316,0.191798,0.465051
0.9639061,0.2002143,0.7234102
0.8472633,0.2743265,0.7772051
0.5973959,0.3047755,0.5767551
0.3728408,0.2271408,0.5563102
0.2448357,0.1849816,0.608198
0.1227459,0.2061459,0.7033704
0.0286592,0.1749153,0.8811316
-0.081798,0.0481163,1.0395337
-0.2148449,-0.1509755,1.0620276
-0.3835684,-0.3075276,0.8643031
-0.4706429,-0.3904347,0.6113867
-0.6056724,-0.4310643,0.4390163
-0.7577673,-0.55295,0.2460786
-0.8468694,-0.6561102,0.082651
-0.6372337,-0.618749,-0.137399
-0.2656735,-0.4332929,-0.3147439
-0.199951,-0.3251061,-0.4013112
-0.3383714,-0.2732061,-0.4071643
-0.4162367,-0.157551,-0.3830796
-0.2999327,-0.140799,-0.4449112
-0.0934357,-0.2242133,-0.5913776
0.0196245,-0.2031245,-0.6200245
0.0897714,-0.133049,-0.4234163
0.1856265,-0.0115276,-0.1718918
0.9930133,-0.1427643,0.588252
0.3612918,-0.0437714,0.7303245
0.0180235,0.0150276,-0.1111357
-0.2020551,0.094751,-0.2857959
-0.308748,0.1257786,-0.4686357
-0.3338357,0.1541684,-0.4286582
0.0339592,0.1012745,-0.3644857
0.1671714,0.0232918,-0.5215071
0.3394224,-0.1404724,-0.42815
0.1860449,0.0048,-0.1106622
-0.077349,0.0914163,0.1281796
-0.1644633,0.1035459,0.2943694
0.0311296,-0.0569112,0.1493143
0.0560582,-0.0423949,0.1540541
-0.1045786,0.111099,0.2000918
-0.1528245,0.1693163,0.0310653
0.0272633,0.1040296,-0.0799939
0.0429827,0.0606378,-0.1370092
-0.1249908,0.133651,-0.0232969
-0.1625173,0.1232122,0.1217541
-0.0850337,-0.0193031,0.1412296
-0.360598,0.0740337,0.446298
-0.0927786,0.0372898,0.0970898
-0.2190847,0.0572276,-0.085949
-0.1026306,0.0505806,-0.238552
-0.0800867,0.0334235,-0.2695918
-0.1138653,0.0929643,0.0113888
-0.05695,0.0611939,0.0516939
-0.071699,0.0424551,0.0040541
-0.0224459,0.0177306,-0.0756643
0.064849,-0.0677092,-0.0855684
0.0731388,-0.1115327,-0.0433153
0.017952,-0.0934041,0.0130276
0.0265949,-0.07545,0.1119408
0.0399102,-0.0485806,0.0399071
0.0145673,0.0044367,-0.0977663
0.0049796,0.0342878,-0.3502296
-0.0909898,0.0840735,-0.0635204
-0.0626061,0.0828959,0.1826888
-0.0247776,0.0735327,0.1377929
0.0021867,0.0185612,0.0135755
