accx,accy,accz
-0.0151918,0.0016429,-0.1555694
0.023448,0.0061806,0.0301867
0.1128786,-0.003548,0.105152
0.0714806,0.0017806,0.0596378
-0.0298439,0.0228184,-0.0058327
-0.0943133,-0.0161786,-0.0460133
-0.0468092,-0.0121582,-0.1232296
-0.1244755,-0.0557929,-0.1053857
0.0782031,-0.0846337,0.0072031
0.0566163,-0.0187296,0.2984418
0.0309357,0.0471959,0.2855867
0.0010633,0.0058306,0.0501235
0.0664684,-0.0328122,-0.1681704
0.0078949,-0.0839316,-0.239248
-0.0129061,-0.063249,-0.0739888
0.0326806,-0.0232582,0.0297286
0.1258806,0.0404867,0.1658959
0.1527276,0.0934367,0.3009418
0.0684122,0.0851378,0.261351
-0.0405337,-0.0649561,-0.1065408
-0.0293684,-0.1182,-0.2976388
0.3036143,-0.1608408,-0.3016388
0.2539867,-0.1407969,-0.1882051
0.1063888,-0.0297755,0.0238469
-0.0078735,-0.0836296,0.1198949
-0.1632551,-0.0933714,0.0529796
-0.2450439,-0.1055051,-0.0847714
-0.2715806,-0.1157,-0.3998735
-0.4205235,-0.1114398,-0.4619582
-0.4472296,-0.1293286,-0.1788959
-0.3580969,-0.1797408,0.2064704
-0.2643122,-0.1388663,0.2579653
-0.1501867,-0.0876969,0.0724622
-0.1322051,-0.0114969,-0.0291378
-0.14835,0.0032316,0.1474173
0.0170418,0.0138316,0.3699694
0.1385551,0.0375469,0.3002724
0.1583673,0.1670061,0.2645857
0.1657235,0.248202,0.1280245
0.1791653,0.2958378,0.0506194
0.145598,0.2761531,0.05615
0.0842235,0.2420939,0.0940276
0.1440622,0.225701,0.1787122
0.2582367,0.1985153,0.2211296
0.4154398,0.1633327,0.3799245
0.537898,0.161851,0.2208582
0.4326612,0.2077418,-0.0090306
0.3240714,0.2091112,-0.1139316
0.2833735,0.1320367,-0.0501582
0.3574592,0.0886582,-0.1502714
0.2962173,0.0805867,-0.3085102
0.1177194,0.1473827,-0.3917837
-0.0153306,0.110001,-0.1176827
0.0830551,0.0007235,0.190498
0.2110888,-0.0582459,0.2117888
0.0863643,-0.0557551,0.0591735
-0.1017918,0.0082531,-0.0363041
-0.3211041,0.0619418,-0.0547908
-0.4753898,0.0894194,0.0104051
-0.4972827,0.0559092,0.0080286
-0.4858184,0.0626082,0.0768776
-0.343649,-0.016551,-0.1207684
0.0306051,-0.1924173,-0.4421378
-0.2351337,0.1016857,0.3086082
-0.3342235,0.1990786,0.0646245
0.1303194,-0.197549,-0.2792388
0.583451,-0.4797612,-0.3676459
0.2759582,-0.3463459,-0.3515
0.2755776,-0.255001,0.3026327
-0.1005704,0.0279898,0.5248561
-0.2608969,0.0947551,0.3480582
-0.5379673,0.2532816,0.2436041
-0.5230112,0.2499643,0.1031694
-0.4404776,0.2462878,0.1801786
-0.3168194,0.3497316,0.1487939
0.0394592,0.4279051,-0.0723571
0.3086112,0.1920735,-0.6287245
0.1304224,0.2835061,-0.2331347
-0.0968367,0.2837224,0.1955735
-0.6149867,0.6437816,0.3914755
-0.5479612,0.3846857,0.3397816
-0.5750939,-0.4573714,0.2650582
-0.6663214,-1.7615031,0.4265204
-0.27155,-2.3701133,0.3205439
0.7067786,-2.2544286,0.17645
0.4559143,-0.8230071,-0.3649694
-0.193851,0.0464776,-0.5359796
-0.3409,0.3781031,-0.2124796
-0.2892439,0.6236378,0.0022663
-0.1560214,0.7003316,0.1859673
0.0257714,0.4414041,0.2895367
0.1365082,0.1599898,0.2210133
0.1756408,-0.0879286,0.0689816
0.2226745,-0.2894112,0.0763735
0.3061898,-0.3719582,0.2183
0.2440929,-0.2063969,0.2576112
0.1210684,0.0260051,0.0941796
0.1485102,0.066452,-0.1394357
0.1751265,-0.0375867,-0.3361122
0.1524276,-0.1086306,-0.3289908
0.0686051,-0.1590265,-0.2490133
0.0025531,-0.2174531,-0.2066
0.0135224,-0.3022306,-0.2238153
0.0555092,-0.3942418,-0.21355
-0.0636031,-0.2835265,-0.0500949
-0.2304357,-0.0063592,0.4491714
-0.1586816,0.133349,0.5641316
-0.0773204,0.1407694,0.4215429
-0.0104204,0.1183306,0.1852092
0.09215,0.0744224,0.0160582
0.2129745,0.0219663,-0.0955724
0.2036663,0.023148,0.0253173
0.0369551,0.130302,0.1172143
-0.1588459,0.2450398,0.1229153
-0.2759408,0.277048,0.0525429
-0.2749163,0.2480612,-0.0447531
-0.19805,0.2340541,-0.0543755
-0.1107571,0.2662806,-0.060051
-0.0585602,0.2809949,-0.1068122
-0.0736214,0.2118306,-0.1662204
-0.0782531,0.0737102,-0.064051
-0.058699,-0.0380388,-0.0367622
-0.0448092,-0.1063765,-0.1352102
0.0109459,-0.1581255,-0.307352
0.1045459,-0.1737745,-0.5013612
0.1731551,-0.151352,-0.5164245
0.2130031,-0.1012327,-0.2169663
0.0316429,-0.2990582,0.077598
-0.3771367,-0.3195582,0.5462776
-0.350299,-0.2813745,0.5338571
0.0841806,-0.292699,-0.648751
-0.1451653,0.2377939,-0.1141857
-0.3074582,0.4964663,0.7561184
-0.2765806,0.363949,0.6403816
-0.1160602,0.0643786,0.3130184
0.0603582,-0.0634327,0.1159857
0.2004327,-0.0518184,-0.1577286
0.1457449,0.0244939,0.0169133
0.1312408,0.0480765,0.0018837
0.0630296,0.0763286,-0.1833245
-0.0252337,0.0749776,-0.2164092
-0.0735867,0.0381776,0.0137214
-0.1332286,0.0679245,0.0756204
-0.0991847,0.0954449,0.0609153
-0.0551337,0.1312153,0.0525173
-0.0644735,0.1794235,0.0446122
-0.1103245,0.1839888,0.0392418
-0.0833929,0.0694214,0.0660582
-0.0835184,-0.0834296,0.075702
-0.1137112,-0.2365776,0.0242388
-0.042848,-0.2979612,-0.2408541
0.1365204,-0.2372235,-1.0242929
0.3311224,-0.2555939,-1.1403429
0.340998,-0.2688296,-0.0243745
0.3661837,-0.2593929,0.2040306
0.4117122,-0.3008347,0.0023184
0.5696347,-0.5573255,-0.5185367
0.4866673,-0.6394388,-1.0338276
0.1539429,-0.3227653,-0.7629643
-0.0313173,-0.1348408,-0.1655357
-0.2306173,-0.0546071,0.5599806
-0.1781235,-0.1703673,0.6592633
-0.3130735,-0.3268163,0.5175582
-0.4473265,-0.4235429,0.4702827
-0.5145408,-0.3766051,-0.5008827
-0.4299031,-0.1681561,-0.2576102
-0.3697276,0.1100367,0.3582204
-0.2339163,0.3161449,0.5811786
-0.0349061,0.4172755,0.4365633
0.1521531,0.3570357,0.1027255
0.114599,0.2543827,0.017499
-0.0382612,0.2601224,0.1674622
-0.2524388,0.4587847,0.2534724
-0.2961245,0.6283622,0.3094653
-0.2254459,0.6985245,0.3396224
-0.1007643,0.7156429,0.2409878
0.0368133,0.6467337,0.1139449
0.3280112,0.1765929,-0.1741163
0.6590214,-0.5962143,-1.6676306
0.8725755,-1.2192357,-1.9362184
0.5564816,-0.9630857,-0.7097296
0.4294571,-0.2368704,-0.480202
0.2597898,0.3146673,-0.0330143
-0.2291102,0.0714582,0.9320194
-0.484899,-0.2389408,0.6133735
-0.5047827,-0.4542459,0.1611786
-0.1918776,-0.3366735,-0.0536276
0.0338653,0.0499092,-0.1850643
-0.0265551,0.3747184,-0.1022673
-0.1207122,0.4877551,0.0568347
-0.0917643,0.4206571,0.1589235
-0.0668173,0.2997827,0.1775194
-0.0461724,0.1188776,0.1863571
-0.0252184,-0.0564531,-0.0296122
-0.0032449,-0.1150653,-0.224249
0.0718837,-0.0254878,-0.7889898
0.1081592,0.1135684,-1.0290122
0.147698,0.0845847,-0.2336163
0.1298735,0.1075847,0.039899
0.0834469,0.1609153,0.0877398
0.0837439,0.0942561,0.0478418
0.1069714,-0.0683163,-0.0417724
0.1292755,-0.1941337,-0.1719031
0.155402,-0.2257102,-0.4055888
0.2714898,-0.2211643,-1.0297031
0.3893806,-0.294349,-0.660198
0.4301031,-0.322501,0.0765786
0.4764786,-0.3783204,0.0066255
0.4789398,-0.4121388,-0.8733673
0.646652,-0.7410204,-0.9005806
0.5162745,-0.5892122,-0.7853173
0.2122888,-0.2073082,0.0971316
-0.0035,-0.1160408,0.8718276
-0.0671378,-0.2923296,0.6674173
-0.30665,-0.4601663,0.4748184
-0.5147102,-0.5892214,0.4050459
-0.6632061,-0.4998112,-0.5239724
-0.5877959,-0.234599,-0.3567776
-0.3934857,0.1437408,0.4648694
-0.1977133,0.4287929,0.6483786
0.0758633,0.5387724,0.5189306
0.1291102,0.5133653,0.1391
-0.0972653,0.4573071,0.1958551
-0.3364245,0.481199,0.5015194
-0.3493337,0.5482745,0.5077357
-0.2821776,0.6222918,0.3010408
-0.1990765,0.6915786,0.1896878
-0.095298,0.6658837,0.0433316
0.198502,0.2995204,-0.3821337
0.5106622,-0.3426357,-1.0307122
0.7431,-1.0379755,-1.8642276
0.7637684,-1.0760163,-0.8617173
0.4501551,-0.3928255,-0.5836663
0.249151,0.1896827,-0.2824082
-0.1025571,-0.0056143,0.506049
-0.4865082,-0.2856592,0.7850724
-0.6720847,-0.70025,0.3851408
-0.2015163,-0.6309969,0.0984071
0.101802,-0.0420122,-0.0343959
-0.0623122,0.4732847,-0.0299959
-0.2666143,0.7245122,0.0598418
-0.345301,0.7267347,0.1610173
-0.2331449,0.4811633,0.1557357
-0.148,0.2356969,0.173902
-0.1158439,0.0279286,0.132901
-0.0402112,-0.1678847,-0.0698235
0.0367439,-0.2040143,-0.2578398
0.1659969,-0.1172327,-0.6483245
0.2616939,0.0639735,-0.988498
0.2096265,0.1406204,-0.3770806
0.1823898,0.1886316,-0.0851735
0.1322347,0.1283857,0.0178449
0.1033429,-0.0738878,0.0243847
0.0671214,-0.2019847,-0.04955
0.0922061,-0.2628255,-0.239549
0.1781031,-0.2577408,-0.4315745
0.3445173,-0.3104173,-0.6374051
0.4588969,-0.3761612,-0.4008388
0.4142286,-0.317001,-0.2176939
0.3254612,-0.2192459,-0.7471592
0.3706663,-0.4606786,-0.9803827
0.3922745,-0.6409776,-0.7422714
0.218351,-0.3268408,0.134149
0.1684724,-0.2887571,0.9922714
0.0836592,-0.4734765,0.7305357
-0.2963031,-0.5637469,0.5241163
-0.551601,-0.6306724,0.4454286
-0.6455898,-0.4434357,-0.3458102
-0.5197245,-0.1652347,-0.4372337
-0.398301,0.206899,0.5924531
-0.2281184,0.4781582,0.7422347
-0.0175357,0.5930684,0.443749
0.0940816,0.5663439,-0.0999316
-0.0705204,0.480301,-0.0953388
-0.3970939,0.4984388,0.3110194
-0.4828306,0.6011898,0.4089408
-0.346201,0.6893929,0.1891643
-0.1687592,0.7390143,0.0444194
-0.0599694,0.5978286,-0.1362939
0.2055388,0.0697296,-0.8274867
0.561202,-0.7305194,-2.0346643
0.7434255,-1.1957245,-1.5878459
0.8093929,-0.9917704,-1.0070663
0.5558857,-0.2858929,-0.7726551
0.1572929,-0.0278184,0.0476888
-0.2473337,-0.1476357,0.5699765
-0.39685,-0.3802388,0.216348
-0.3490724,-0.3854327,0.0020776
-0.0314786,-0.0584929,-0.1312857
0.0661286,0.3263847,-0.1757827
0.030748,0.556652,-0.0980776
-0.0388929,0.5865398,-0.0109653
-0.1282633,0.4404847,0.0213878
-0.1692745,0.2416255,-0.0247122
-0.1386612,0.0618429,-0.0259714
-0.0717867,-0.0850939,-0.026702
0.0479,-0.1938449,-0.1682827
0.1840949,-0.1832592,-0.5195827
0.3564306,-0.0464469,-1.334702
0.2646378,0.063251,-0.7254082
0.2369602,0.1117735,-0.2651622
0.223451,0.0924214,-0.05865
0.1621357,-0.0762112,-0.0012888
0.1426388,-0.2393908,-0.0542388
0.1854051,-0.3119316,-0.2274327
0.2903714,-0.30865,-0.488199
0.4635643,-0.3005633,-1.0700755
0.60685,-0.3566235,-0.6228327
0.5718184,-0.3058827,0.0030888
0.5534439,-0.3412092,-0.3217837
0.7685918,-0.7710541,-0.7644408
0.5622735,-0.6594102,-1.0701327
0.0716449,-0.2392173,-0.0049337
-0.1272929,-0.1737918,0.8126082
-0.2173469,-0.3508714,0.6136867
-0.4232673,-0.5446449,0.4493633
-0.5678235,-0.6196806,0.3984673
-0.6179776,-0.4515316,-0.5616449
-0.5415153,-0.1020663,-0.1373888
-0.3974663,0.2232806,0.4670673
-0.2546286,0.4637398,0.7038408
0.0371184,0.5784102,0.4868847
0.1556633,0.5751316,0.094552
-0.0189112,0.5232092,0.2179153
-0.3089714,0.5835929,0.5189969
-0.4100194,0.7096031,0.4890071
-0.3009347,0.7630745,0.3759745
-0.1455316,0.7275643,0.2581571
0.0689327,0.4247622,-0.0689388
0.4798724,-0.2035265,-0.8493418
0.6751592,-0.9611765,-1.6480082
0.8640082,-1.2817745,-1.1245071
0.8354337,-0.8005245,-0.7593776
0.5051398,-0.179601,-0.4481388
-0.0784296,-0.1659776,0.4235592
-0.3860531,-0.3982143,0.4745684
-0.410348,-0.557798,0.2556204
-0.1430163,-0.2266327,0.0774316
0.0178724,0.2392796,-0.0035214
0.0162561,0.5705673,0.0154418
3.47e-05,0.6863694,0.1163571
-0.0739449,0.5902153,0.2066612
-0.1805061,0.4130153,0.1684724
-0.2102265,0.2256776,0.0936796
-0.1302765,0.0529827,0.012949
-0.0176398,-0.1009337,0.0780786
0.0996143,-0.2413255,0.0134551
0.2739204,-0.299002,-0.7029418
0.4677143,-0.1072133,-1.7054224
0.3191367,0.0499051,-0.6710398
0.2644857,0.1014612,-0.1713092
0.195948,0.0161051,0.0516347
0.1730755,-0.1483357,0.1033592
0.2188418,-0.2585429,-0.0067347
0.2733337,-0.2307255,-0.3015133
0.3850939,-0.2164276,-0.6696684
0.5598255,-0.2786133,-1.0716224
0.4945286,-0.2336235,-0.3251153
0.3993776,-0.1811459,-0.2951969
0.4390092,-0.4320735,-0.7944735
0.4523469,-0.753702,-0.8989306
0.1154306,-0.3630224,-0.5663582
0.0222163,-0.1265316,0.6885602
0.0527388,-0.2769224,0.7369929
-0.154549,-0.4590224,0.5198684
-0.4400388,-0.5506286,0.4180714
-0.5954633,-0.4699163,-0.0798163
-0.6378214,-0.2229827,-0.9312469
-0.3628194,0.0513612,0.2593459
-0.1718939,0.3289306,0.7372051
0.0103398,0.4650061,0.5372827
0.1788918,0.4329592,-0.1636449
0.0698255,0.3222714,-0.3563592
-0.2566,0.3551827,0.1046071
-0.4802031,0.5402786,0.249951
-0.5055235,0.6957673,0.1934704
-0.3944582,0.7470224,0.1005143
-0.2083735,0.7198765,0.0287071
-0.0031888,0.5383714,-0.1941582
0.3375051,-0.1184459,-0.822951
0.7520888,-1.0805918,-2.5929571
0.7464918,-1.4668296,-1.59105
0.4677602,-0.9288898,-1.0723724
0.1750337,-0.3225714,-0.5371112
-0.0354,-0.1282939,0.2577327
-0.1405582,-0.0890653,0.3728
-0.1518071,-0.1645276,0.0328959
-0.0915857,0.0520316,-0.1376398
-0.0402878,0.3488071,-0.2290439
-0.0320133,0.4831837,-0.234998
-0.0239408,0.4006061,-0.1156408
-0.0879847,0.2862908,-0.0614041
-0.0465367,0.1484918,-0.0879204
0.0033469,0.0090724,-0.106248
0.0360714,-0.0940449,-0.1111235
0.1100316,-0.1468592,-0.0287612
0.2141378,-0.1684112,-0.3202367
0.4621276,-0.0985429,-1.6834633
0.3256031,0.0012316,-0.8531112
0.2280398,0.0749735,-0.1604878
0.2218969,0.1523776,0.0691765
0.218548,0.0900847,0.0676235
0.2030531,-0.1116673,-0.0268214
0.182601,-0.2611388,-0.1601755
0.2220643,-0.3268867,-0.3713714
0.2680296,-0.2932582,-0.5966092
0.3683163,-0.2449551,-0.9843582
0.4226806,-0.2577459,-0.7841204
0.3743582,-0.2635551,-0.219648
0.3739939,-0.3653633,-0.4033602
0.3584439,-0.6727673,-0.5935827
0.2363969,-0.654501,-0.9690755
0.0607724,-0.3161602,-0.4171653
-0.1546347,-0.1520122,0.4106388
-0.1999592,-0.2436776,0.4941643
-0.3667857,-0.434348,0.4009204
-0.5272796,-0.5422633,0.3212306
-0.7144245,-0.4933276,-0.7883602
-0.6680276,-0.2051745,-0.3249531
-0.4835194,0.1199357,0.4847061
-0.1375592,0.3563133,0.6359265
0.1401418,0.4624806,0.3300276
0.3728408,0.3881837,-0.3235245
0.1369245,0.312949,-0.0774276
-0.1981786,0.4105265,0.3283949
-0.3738265,0.6142245,0.3323673
-0.3210041,0.7276806,0.1393245
-0.1909041,0.7585041,0.1151296
-0.0514612,0.7671724,0.0766031
0.0470694,0.6730327,-0.0813408
0.2955918,0.2883122,-0.1516602
0.7024704,-0.3451418,-1.0773102
0.9473643,-0.9999959,-1.7821092
0.7805776,-1.0684357,-1.1901745
0.3989582,-0.6072898,-0.8105908
0.2569469,-0.0422245,-0.6034673
0.1627684,0.3539429,-0.2534347
-0.1346633,0.1561265,0.3067653
-0.4774561,-0.2357673,0.6051418
-0.5821184,-0.7236439,0.1681724
-0.1648918,-0.7246204,-0.1649551
0.1619184,-0.2928622,-0.3168714
0.0641796,0.2474561,-0.1719051
-0.2110071,0.5840071,0.0103224
-0.4056857,0.686098,0.1383561
-0.3915827,0.5131867,0.1840224
-0.2322337,0.2193898,0.0973061
-0.1480939,0.0411235,-0.1031714
-0.1148867,-0.0039857,-0.1546449
-0.0283061,-0.0074714,-0.1741643
0.1067745,-0.0106204,-0.2120327
0.2553235,-0.0198592,-0.2786327
0.2875204,-0.0075929,-0.1557398
0.278998,0.0347786,-0.0080878
0.2061592,0.0963306,0.1350949
0.2096286,0.1329347,0.1310857
0.2137347,0.0711602,0.0851092
0.1677418,-0.0229184,0.0053153
0.1245306,-0.0669051,-0.086451
0.1024816,-0.1143663,-0.2387776
0.1624918,-0.1472449,-0.3535612
0.2610684,-0.1695265,-0.3397898
0.305549,-0.1657184,-0.31705
0.2899551,-0.2078959,-0.3719612
0.1575031,-0.2124755,-0.837452
0.0581378,-0.450552,-0.8312673
0.0721276,-0.8463347,-0.5657367
-0.0832816,-0.6249735,0.3680306
-0.1574,-0.3300806,0.9742265
-0.2965163,-0.3707163,0.6301082
-0.5287061,-0.5294745,0.4601224
-0.6711469,-0.6618694,0.3512347
-0.9543531,-0.459549,-0.8789857
-0.7722969,-0.2108082,-0.1546449
-0.653099,0.1292969,0.5992622
-0.4757082,0.457551,0.8894439
-0.2146847,0.6214367,0.5776571
-0.0503194,0.6129306,0.1525133
-0.0585684,0.5329459,0.0411592
-0.1475388,0.4811194,0.2505959
-0.1670796,0.5098469,0.2869735
-0.0830276,0.5905184,0.2614898
0.0410439,0.606649,0.1984429
0.2250541,0.4566061,-0.1455735
0.437998,0.1343949,-0.5429337
0.8716898,-0.4733673,-0.9365694
1.2235939,-1.0341653,-1.290902
1.0246745,-1.0664112,-1.048298
0.3997633,-0.5564653,-0.9164918
0.1163643,0.1469724,-0.2493571
-0.2767367,0.5626571,0.2437388
-0.4597316,0.3080714,0.5781724
-0.3573092,-0.1796673,0.3245745
-0.3126398,-0.5256898,-0.013348
-0.0552898,-0.4164112,-0.7697684
0.2036122,-0.2005837,-0.787951
0.507052,-0.1040939,-0.0657143
0.1731765,0.27815,0.1812694
-0.2743204,0.4127214,0.2259888
-0.3632551,0.352898,0.0490765
-0.1935235,0.146751,-0.1176918
-0.0657286,0.0014184,-0.1703551
-0.0096816,-0.018348,-0.1277643
0.070999,-0.0084163,-0.0948265
0.2060214,-0.0249888,-0.3075745
0.2969724,-0.0084235,-0.4688939
0.2683031,0.0694418,-0.3409857
0.302948,0.0835061,-0.1734633
0.2870133,-0.0013684,0.0165296
0.2472714,-0.1330867,0.0745051
0.175101,-0.1633296,-0.0279643
0.1309378,-0.1401541,-0.1718878
0.1541704,-0.127901,-0.3072429
0.2661929,-0.1687071,-0.5717214
0.3488673,-0.2151051,-0.3410429
0.3366898,-0.243551,-0.1067041
0.2418051,-0.2187755,-0.509401
0.1427531,-0.2591551,-0.9669408
0.2996878,-0.6470041,-0.5600143
0.1978969,-0.4284388,-0.2928929
0.0512949,-0.18555,0.8092776
0.0413673,-0.3165133,0.9839306
-0.1581204,-0.4891286,0.6582653
-0.3889378,-0.6647745,0.5393429
-0.5586122,-0.6194347,-0.0120143
-0.6269878,-0.3619561,-1.1033704
-0.5387929,-0.0347612,0.2699327
-0.4031694,0.3313194,1.2772163
-0.2390694,0.5216612,0.8854888
-0.0506714,0.4938398,0.1532163
-0.0220939,0.3930286,-0.2262429
-0.1830041,0.3572959,0.2009755
-0.4175878,0.4876224,0.4206347
-0.485602,0.6385408,0.4563459
-0.3866316,0.6298837,0.3432602
-0.2394459,0.6071796,0.2258561
-0.0712755,0.5667908,0.1037418
0.2097163,0.2586918,0.0916357
0.4017276,-0.3603765,-0.720502
0.6322102,-1.055948,-2.0415888
0.8153949,-1.1876694,-1.1220449
0.6511082,-0.5854173,-0.5859204
0.3629969,-0.0615531,-0.4482133
-0.2163163,-0.0328306,0.4382051
-0.5832551,-0.2278214,0.4689184
-0.5432857,-0.4448459,0.12575
-0.418398,-0.2992204,-0.0732041
-0.1769827,0.0561602,-0.1452969
-0.0784888,0.3488663,-0.1568673
-0.0008684,0.4215745,-0.0343265
0.0125041,0.3815449,0.1055071
-0.2388786,0.3610602,0.1157653
-0.3607878,0.3026786,-0.0096622
-0.3343184,0.203598,-0.0813827
-0.1765347,0.0594582,-0.0315724
0.058752,-0.1028102,-0.1496184
0.423748,-0.2191061,-1.1832337
0.3961418,-0.0990327,-0.9102163
0.2486122,0.040848,-0.2163888
0.2851469,0.108798,-0.0009837
0.283952,0.1040745,0.1432276
0.2800735,-0.066549,0.1144214
0.2706133,-0.2289878,-0.0503714
0.2463582,-0.2976378,-0.2766694
0.2588051,-0.2651235,-0.5234776
0.3340204,-0.2342327,-0.6647041
0.4390827,-0.2582439,-0.9163122
0.3821337,-0.2365571,-0.3697929
0.3516337,-0.2510347,-0.425299
0.450152,-0.5509776,-0.4882378
0.5446724,-0.7628673,-0.6977429
0.1913122,-0.3730255,-0.4130082
-0.047999,-0.2019173,0.6954235
-0.1397816,-0.3226255,0.6185745
-0.3583653,-0.5111857,0.4357051
-0.5176653,-0.6564602,0.430999
-0.5145,-0.5590031,0.1331031
-0.531351,-0.2148571,-0.8427418
-0.4092265,0.1207694,0.3514153
-0.26115,0.4223857,0.7253439
-0.0317408,0.55825,0.4111857
0.1732112,0.5342714,-0.2053939
0.0483561,0.4122204,-0.1438878
-0.2335184,0.3811327,0.287751
-0.3495133,0.4963633,0.3403082
-0.3417357,0.6510531,0.2168786
-0.2725184,0.7410653,0.13875
-0.1412194,0.7782622,0.04105
0.0463357,0.6688571,-0.1897908
0.3454163,0.1210929,-0.5561255
0.6558122,-0.7557551,-2.1532306
0.8812755,-1.3781173,-1.8484592
0.6242163,-0.9793235,-0.8917959
0.361649,-0.1869173,-0.91
0.2045265,-0.0002041,-0.1601061
-0.2446082,-0.1950286,0.7813898
-0.4814786,-0.4581949,0.408199
-0.4056204,-0.53835,0.0423959
-0.0645031,-0.1367031,-0.0801092
-0.0288786,0.3407561,-0.1204163
-0.1227194,0.6377245,-0.0456347
-0.1362276,0.695502,0.07495
-0.1038592,0.4523,0.0725041
-0.1499163,0.2303449,-0.0329806
-0.1544622,0.0717418,-0.0572378
-0.0719459,-0.0485388,-0.0998153
0.0265878,-0.1337724,-0.0381531
0.2345898,-0.21785,-0.381849
0.5207898,-0.1984398,-1.1832031
0.3409214,-0.0220745,-0.5410939
0.2469041,0.1322286,-0.1214071
0.2501367,0.2274102,-0.0511643
0.2456276,0.0608827,-0.019048
0.2099867,-0.1466673,-0.064702
0.1830367,-0.2367531,-0.1749918
0.1615847,-0.1998061,-0.3517347
0.1637214,-0.12365,-0.5382776
0.2679316,-0.1505653,-0.748799
0.3402071,-0.2157949,-0.2699612
0.3540724,-0.211998,-0.0789724
0.34935,-0.2251163,-0.6089694
0.4042245,-0.5301071,-0.8737612
0.4489194,-0.6856245,-0.7134112
0.2050061,-0.3361765,-0.0607184
0.0871133,-0.2206408,0.8983388
-0.0130969,-0.3488898,0.7383306
-0.3255694,-0.5418337,0.5297602
-0.5525857,-0.6662551,0.4526816
-0.5915214,-0.5704153,-0.4065224
-0.5661357,-0.2475133,-0.5902969
-0.3572378,0.1354837,0.5178184
-0.140001,0.4055908,0.6652592
0.0950816,0.5204663,0.2085092
0.1943612,0.5184265,-0.3660122
-0.0656653,0.4692582,-0.1639878
-0.330651,0.46285,0.2721122
-0.4314959,0.5139276,0.33245
-0.4313857,0.5810408,0.1577857
-0.3465571,0.5954327,0.0107061
-0.2013612,0.6088857,-0.0762173
-0.0713765,0.560648,-0.2135786
0.1974459,0.1902704,-0.2902255
0.4905776,-0.483852,-1.4007347
0.9123265,-1.1765184,-2.0412704
0.8379061,-1.0807092,-1.1190633
0.3889347,-0.4346663,-1.0101592
0.1199786,0.0195439,-0.4332112
-0.1117622,-0.0666612,0.2933316
-0.3370061,-0.1819204,0.5739214
-0.39305,-0.3775235,0.1718357
-0.2635561,-0.2577092,-0.1219959
-0.0764561,0.0757061,-0.2027469
-0.0183806,0.3313469,-0.1977949
0.0282939,0.4103357,-0.0675561
-0.0231173,0.4030092,0.0666541
-0.1870418,0.3131786,0.0908663
-0.2243224,0.1508306,-0.0181214
-0.1908745,0.043801,-0.1061214
-0.0924031,-0.0215449,-0.1090816
0.0477,-0.0365041,-0.0165388
0.2319224,-0.0789122,-0.3087592
0.5426561,-0.1316816,-1.0695184
0.4804092,-0.0433541,-0.5740378
0.358248,0.074148,-0.1677673
0.3417776,0.153501,-0.0218959
0.3180224,0.0876061,0.0498776
0.2424408,-0.088498,0.0211929
0.1909327,-0.1875378,-0.0772316
0.1739051,-0.1982194,-0.2755714
0.1727878,-0.1523571,-0.468149
0.2416327,-0.1697173,-0.4958918
0.3259378,-0.2481908,-0.3667316
0.2936949,-0.252249,-0.2789949
0.237399,-0.2137102,-0.6556347
0.2125082,-0.3704949,-0.8606816
0.3441949,-0.6588867,-0.6262571
0.2680541,-0.3822643,-0.3981418
0.23155,-0.1616122,0.7161357
0.1743878,-0.2074908,0.865851
-0.0948255,-0.3447816,0.5522357
-0.442801,-0.4533857,0.4051163
-0.6111276,-0.4826143,0.1328918
-0.7308694,-0.3691765,-1.0375245
-0.5494653,-0.1506296,0.0768286
-0.3724888,0.1527776,0.9881969
-0.1840959,0.3781816,0.9877459
0.0235633,0.3770092,0.0917061
0.0030367,0.2928592,-0.2621847
-0.2605214,0.3127,0.2109571
-0.4870878,0.5008398,0.4847398
-0.5279153,0.6685786,0.4019847
-0.4427898,0.7120112,0.2848622
-0.2775735,0.7086561,0.2075347
-0.1100051,0.6005653,0.0414694
0.152202,0.1113561,-0.026099
0.4084071,-0.5794398,-1.2335439
0.5956939,-1.2436173,-1.9377837
0.6069622,-1.013598,-0.9970173
0.3608,-0.2552949,-0.7228847
0.2379051,0.2418929,-0.3142143
-0.1330959,0.0070551,0.5014235
-0.4819878,-0.2854653,0.5987592
-0.57525,-0.5495684,0.2992816
-0.3786918,-0.3651694,0.0555316
-0.1564061,0.072198,-0.0120612
-0.1733469,0.4330857,0.0242827
-0.2802092,0.5381806,0.1397541
-0.2716051,0.4498622,0.2291908
-0.2792684,0.3106051,0.2070194
-0.2706184,0.1695755,0.1369714
-0.1707673,0.0240439,-0.0719694
-0.053249,-0.0728061,-0.1965622
0.0989663,-0.0911224,-0.4564286
0.2785388,-0.020299,-1.0595622
0.2169551,0.0749163,-0.5222071
0.150698,0.0882092,-0.024699
0.1096204,0.1785571,0.1887082
0.1057429,0.1687469,0.1709408
0.1523745,-0.0395714,0.0843745
0.1828296,-0.2401765,-0.0098531
0.176851,-0.3088357,-0.2177755
0.153551,-0.2618735,-0.4941724
0.1698592,-0.1718561,-1.0249541
0.2725888,-0.1792816,-0.5755755
0.3814939,-0.1992163,0.0913551
0.4497408,-0.2136439,0.065198
0.4680041,-0.4288531,-0.646348
0.4639755,-0.7177673,-1.1330112
0.2719051,-0.5048714,-0.7482837
0.1239643,-0.2129786,0.3400173
0.0010224,-0.1737571,0.8437592
-0.1733194,-0.3456306,0.6019204
-0.446699,-0.5006582,0.4461735
-0.576002,-0.4445439,0.140951
-0.6034969,-0.2465347,-0.8190929
-0.4025724,0.0061582,0.1123255
-0.1821449,0.2351204,0.6541337
0.0068418,0.3913276,0.5376612
0.1945949,0.3577194,-0.0401327
0.0971622,0.2338041,-0.2977418
-0.1476092,0.2398776,0.0187735
-0.3712837,0.4028541,0.2423939
-0.5170541,0.6114031,0.2426082
-0.4760296,0.6897612,0.0948418
-0.3331327,0.6848286,0.008901
-0.1938,0.661848,0.0047714
-0.059649,0.5597163,0.0150439
0.2163367,0.0919571,-0.171052
0.4755949,-0.6648163,-1.7699847
0.8532204,-1.3771122,-2.1534939
0.651149,-1.0869959,-0.9678357
0.3300459,-0.331199,-0.8103561
0.1544633,0.08705,-0.268252
-0.1532571,-0.0451306,0.5340929
-0.4472245,-0.2430347,0.4720194
-0.4547949,-0.3991806,0.0880306
-0.2805041,-0.1271194,-0.1316602
-0.1417224,0.2256776,-0.1503673
-0.1131592,0.4487347,-0.0955112
-0.0670194,0.4572653,0.0490939
-0.0665898,0.3296663,0.1146388
-0.1760184,0.2057439,0.0840949
-0.2605939,0.1304929,0.0072194
-0.2301347,0.0567959,-0.0591796
-0.0898694,-0.0054327,-0.0196041
0.0690204,-0.0687071,-0.0235776
0.2905582,-0.1123745,-0.7398235
0.4853694,-0.0339837,-1.3102724
0.3152357,0.0679163,-0.4744306
0.2962735,0.1311296,-0.1625745
0.2589449,0.1027827,0.0299102
0.2372969,-0.0668918,0.1112643
0.2256347,-0.2292776,0.0118286
0.2248367,-0.2823439,-0.2188898
0.2486235,-0.243749,-0.4732031
0.351949,-0.2603827,-0.6931949
0.4609367,-0.3216857,-0.8222551
0.4479367,-0.2663867,-0.3117388
0.4444847,-0.2431306,-0.3821133
0.4916857,-0.3926745,-0.8527245
0.5376745,-0.7124776,-0.8652888
0.2755724,-0.3706337,-0.6028602
0.1526245,-0.1194653,0.5689082
0.1369908,-0.2278724,0.8212327
-0.1273643,-0.4039531,0.5137622
-0.4466867,-0.5692357,0.3990796
-0.5802908,-0.5734949,0.1012806
-0.6474735,-0.4066959,-1.1936582
-0.5016816,-0.1260582,0.0879724
-0.2945796,0.1882082,0.8986541
-0.1174908,0.410752,0.7574224
0.071851,0.4444602,0.042201
0.0673908,0.397499,-0.3108214
-0.2346643,0.4159051,0.0474418
-0.5205959,0.5939133,0.4314724
-0.5437459,0.7250133,0.468352
-0.4106102,0.7094939,0.2323204
-0.2324071,0.6519735,0.1051827
-0.0860969,0.5613551,0.0067673
0.2006214,0.2381296,-0.1513673
0.5193173,-0.3648735,-0.8630827
0.7188561,-1.0321847,-1.9253796
0.5585796,-1.1025786,-1.2384898
0.2914673,-0.5073235,-0.9440347
0.2265684,0.0229561,-0.5647051
-0.040799,-0.1553286,0.1701939
-0.3732898,-0.3230796,0.5840449
-0.4905194,-0.4955673,0.3124408
-0.2967602,-0.3062112,-0.0130112
-0.1023929,0.1083357,-0.1067724
-0.0566296,0.4407194,-0.1148439
-0.0325765,0.5715561,-0.0213796
-0.088351,0.4995327,0.1167367
-0.2291041,0.3418796,0.1577092
-0.2582765,0.1739071,0.0847776
-0.1793429,0.0370378,-0.0103561
-0.0612714,-0.0816378,-0.0714898
0.0464286,-0.1393459,-0.0101735
0.2775469,-0.17995,-0.787798
0.4863388,-0.0866765,-1.4610786
0.3133857,0.0177041,-0.4864408
0.2201959,0.124202,-0.0776286
0.1875459,0.2080653,0.1255429
0.1766439,0.1042541,0.1292245
0.1696929,-0.1005061,0.0152806
0.1728541,-0.2197041,-0.1330602
0.1887714,-0.2371357,-0.3658439
0.19085,-0.1990071,-0.5766408
0.313501,-0.2427173,-0.7661071
0.3731561,-0.2905092,-0.5089765
0.3354633,-0.2418745,-0.2513031
0.3840622,-0.2697306,-0.5545694
0.4875194,-0.6262194,-0.7001184
0.5043194,-0.7216827,-0.7302459
0.2869949,-0.3315694,-0.1220122
0.1271673,-0.1547439,0.7397173
-0.0353245,-0.2791806,0.6171061
-0.3349969,-0.4635959,0.4133429
-0.5431398,-0.5753,0.3583908
-0.6266,-0.4058112,-0.2178724
-0.7136776,-0.0896061,-0.5731551
-0.3920408,0.1236939,0.3446112
-0.1828204,0.3218163,0.6964122
0.0153531,0.4327388,0.621751
0.2305908,0.3400327,0.0366051
0.2120173,0.1908786,-0.0904622
-0.0723194,0.2262582,0.2347296
-0.2915724,0.4235316,0.3770102
-0.3913888,0.6427622,0.3071122
-0.3497653,0.7023592,0.1685112
-0.2233633,0.6620388,0.1088184
-0.1155071,0.5985408,0.1093684
0.0309612,0.36,0.1544204
0.2460082,-0.128049,-0.3484827
0.5670918,-0.7892357,-1.7554908
0.7888143,-1.1858224,-1.6021449
0.5919653,-0.7387235,-0.8712367
0.3385582,-0.0630776,-0.6733969
0.1725867,0.1109388,-0.2165041
-0.1459969,-0.1453102,0.7107592
-0.504202,-0.3625398,0.635698
-0.4813898,-0.5214776,0.2076939
-0.2289439,-0.1601796,0.0157469
-0.0981,0.2986041,-0.0302235
-0.089601,0.5702031,-0.0109949
-0.1184398,0.5498449,0.1054714
-0.1671133,0.3384122,0.1909878
-0.2495163,0.2139969,0.1617102
-0.2398827,0.1004878,0.1080602
-0.1440633,-0.0323408,0.0547194
-0.0286357,-0.1374184,0.0142163
0.1002163,-0.1485031,-0.1298918
0.2610694,-0.066099,-0.7138041
0.3369071,0.0467133,-0.9872837
0.1834378,0.1022,-0.2851551
0.1937133,0.1449388,-0.0337184
0.2107,0.1961459,0.0899469
0.1661276,0.1286418,0.1156378
0.1303776,-0.0331714,0.047151
0.1066949,-0.1729878,-0.0287286
0.0995357,-0.2584,-0.1713163
0.1209122,-0.2277816,-0.4069867
0.1788735,-0.1675439,-0.6648286
0.273048,-0.2010755,-0.7154908
0.2825663,-0.2064082,-0.1881276
0.2911082,-0.1763663,-0.1043755
0.2814847,-0.1864316,-0.4364765
0.3199959,-0.4970959,-0.5827102
0.3610898,-0.5893031,-0.5493439
0.3030633,-0.3341735,-0.3472847
0.1736245,-0.0988071,0.3520163
-0.0326735,-0.1121398,0.6963622
-0.2280245,-0.2960694,0.4952653
-0.499001,-0.4776051,0.4159653
-0.6290337,-0.460898,-0.2237337
-0.622102,-0.2635286,-0.5987724
-0.4691857,0.0100735,0.1499888
-0.2017041,0.1953041,0.6887551
0.0224765,0.2962214,0.5316112
0.2603224,0.1804163,-0.1249163
0.0718082,0.1622143,-0.1564786
-0.1498071,0.1911378,0.2391061
-0.5353082,0.2898735,0.2778939
-0.4518235,0.4284929,0.13075
-0.2115092,0.6255041,0.2164255
-0.3522847,0.6468633,0.1364969
-0.216648,0.6334888,0.051051
-0.0795286,0.5222357,-0.0541949
0.1815622,0.1449276,-0.2268602
0.4098939,-0.3990418,-1.1317092
0.5697459,-0.9001194,-1.6986449
0.6664786,-0.9229551,-1.1574204
0.4172092,-0.383999,-0.8558847
0.2336857,0.1168163,-0.7197255
0.2356694,0.3821,-0.1011908
-0.0511153,0.0312735,0.4516745
-0.3493429,-0.2449673,0.423748
-0.3514306,-0.49055,0.0558347
-0.0983449,-0.4341663,-0.153002
0.0580235,0.0079306,-0.1781143
-0.1482959,0.4698755,-0.1181806
-0.163949,0.4358357,0.0170173
-0.0600969,0.1783755,0.0401031
-0.0015245,0.0217878,0.0844245
0.0204327,0.0101102,0.1146643
-0.1157469,-0.0107153,0.0053898
-0.3481541,-0.0513939,-0.2781255
-0.43745,-0.1166745,-0.4996959
-0.1557122,-0.0754786,-0.4260592
-0.0327673,0.0798163,-0.3103306
-0.0835888,0.2006939,-0.4104663
-0.0799878,0.1126745,-0.321902
0.0300071,0.1033296,-0.3257092
0.120249,0.1334643,-0.2682765
0.1535898,0.0225888,-0.0863643
0.1459602,-0.1555449,0.0708571
0.0464163,-0.1318357,0.1638694
0.0188173,-0.1576337,0.1330867
0.0149816,-0.0722408,0.2144051
0.0505041,0.0969602,-0.2266551
0.1367714,0.2739643,-0.6512551
0.3690071,-0.5178633,-1.024451
-0.0982582,-0.8280918,-0.5021684
-0.3190214,-1.0452449,-0.3263122
-0.2775102,-0.9672449,-0.3049245
-0.2782347,-0.9487071,0.1665602
-0.09515,-0.8825612,0.3433541
0.1707235,-0.7013255,0.3587459
0.224848,-0.4859102,0.352698
0.2436714,-0.3910041,0.4936663
-0.1559153,-0.2396378,0.2502939
-0.2892071,0.0369459,0.0611041
-0.6550469,0.2344949,-0.1190235
-0.7318235,0.4451602,-0.1529592
-0.4145173,0.5412776,-0.1423163
-0.5081286,0.5867704,-0.0149714
-0.8209112,0.7697776,0.218351
-0.4756469,0.6992214,0.0905265
-0.2613459,0.3566112,-0.0062612
-0.0939082,0.1317265,-0.1889378
0.1542908,-0.1624908,-0.4313388
0.3648429,-0.1919796,-0.6586694
0.1581469,-0.0982592,-0.388201
0.0271551,-0.0799408,-0.1784163
0.0444643,-0.0903837,0.0866082
0.1670724,-0.1867622,0.1642235
0.3607357,-0.2500561,0.0869153
0.4765541,-0.2436367,0.0665622
0.4369296,-0.3112459,0.1935
0.3626204,-0.3997796,0.4994724
0.3783439,-0.4400571,0.8426357
0.5189316,-0.4764255,0.8242184
0.6688071,-0.4728969,0.6314878
0.6596082,-0.460148,0.4730694
0.5625918,-0.447402,0.4273837
0.405898,-0.4214276,0.2763337
0.1895133,-0.3147296,0.1377857
-0.0704755,-0.2429673,0.0323939
-0.2570602,-0.1716235,-0.196002
-0.2541439,-0.0548469,-0.1824265
-0.1788806,0.0662051,-0.1874622
-0.1313245,0.2627306,-0.2336816
-0.1964092,0.3662929,-0.3011418
-0.3515612,0.4193429,-0.2957867
-0.4983867,0.4179245,-0.3149847
-0.5818806,0.4436459,-0.3966092
-0.5836561,0.4364122,-0.4647694
0.8800918,-0.4051102,0.6969255
0.6668827,-0.1697786,-0.1826612
-0.4780602,0.2794316,0.0595939
-0.3312163,0.3483429,-0.1972622
-0.3345439,0.3354643,-0.2478745
-0.3680959,0.2968439,-0.2563214
-0.0761663,0.1599622,0.0209969
0.2010531,0.1144673,0.026151
0.2478786,0.0657367,-0.0081592
0.270101,0.1073735,-0.0995122
0.2216969,0.0117286,-0.0057878
-0.0284582,-0.0200286,0.1365235
0.0187633,0.0189908,0.0501
-0.0185071,0.0213582,0.0599929
-0.1026082,0.0627684,0.123399
-0.0463439,0.0645398,0.1420908
0.0147337,0.033999,0.0495612
0.026402,0.0223449,0.0106724
-0.0089582,0.0174561,0.0113765
-0.051051,0.0307173,-0.0005643
-0.0251959,0.0421102,0.0213816
0.0032173,0.0216724,0.0326061
0.0297092,-0.0011816,-0.0503459
0.0302653,0.0089204,-0.0613949
0.0031673,0.0320827,0.0117816
-0.0152255,0.0291102,0.0454347
0.0058612,-0.0290276,-0.3305286
0.0161653,-0.005152,0.131049
0.0079847,0.0012541,0.0837867
-0.0045071,-0.0472367,0.1173582
0.0376265,-0.0795316,0.0705
0.0567061,-0.057852,-0.137402
