accx,accy,accz
-0.0713388,0.0260837,-0.1962929
-0.0179235,0.0036571,-0.0850592
0.0487582,-0.0287439,0.0797837
0.1012367,-0.0584459,0.1312469
0.0414439,0.0129592,0.0933724
0.0296827,-0.0095592,0.0880041
0.1123347,-0.0975398,0.082949
0.0739398,-0.0436194,0.009198
-0.0406724,0.1156092,0.0398602
-0.110451,0.1589,0.1419673
-0.099399,0.177048,0.0423602
-0.029049,0.1292224,-0.1219704
0.1042602,0.0720704,-0.3092102
0.1479724,-0.1033449,-0.3174449
0.1495041,-0.1731357,-0.1749112
0.191848,-0.2542908,0.0333214
0.0966439,-0.1071337,0.0529857
-0.0905071,0.1580755,0.2090531
-0.0625571,0.0273541,0.3041929
-0.123602,0.0053122,0.2021214
-0.1121571,0.0064082,0.0607612
-0.0989949,0.0218153,-0.2060459
-0.1104388,-0.0068755,-0.3860439
-0.0132051,-0.0464531,-0.1798643
0.238399,-0.0302561,0.0163602
0.1259663,0.071301,-0.161298
-0.1579786,0.111752,-0.3836673
0.0960469,0.0014388,-0.5095071
0.4162235,-0.0396378,-0.6499347
0.285799,-0.1562347,-0.0851541
0.0446092,-0.2032184,0.3565531
-0.202051,-0.1501143,0.3723673
-0.2890531,-0.1195378,0.2747735
-0.3508745,-0.0774051,0.0089398
-0.3970459,-0.0708939,-0.2600949
-0.4120694,-0.1064031,-0.3867714
-0.3699092,-0.1333704,-0.2253327
-0.3593224,-0.1688347,-0.0679337
-0.3294561,-0.1790133,-0.0152612
-0.2453031,-0.1741786,0.1094082
-0.2084776,-0.1583327,0.3075561
-0.1522224,-0.1304439,0.3971582
-0.038698,-0.0963888,0.2899857
0.0986122,-0.0732929,0.2039265
0.1171,-0.0346561,0.172598
0.0443551,0.0061857,0.0753092
-0.0224684,0.0264408,-0.0136449
-0.0449847,0.0198847,-0.1013439
0.0493878,-0.0287929,0.0414347
0.1504827,-0.0341684,0.3297439
0.2135765,-0.033201,0.5223092
0.2088867,0.0048531,0.4892765
0.2254265,0.036151,0.2638827
0.3190918,0.0484735,0.1017643
0.4803082,-0.0090541,0.1128888
0.5463153,-0.0326735,0.2071786
0.4943235,0.0350602,0.2163204
0.4615612,0.0658653,0.0293622
0.5041061,0.0289092,-0.126901
0.4447714,0.0570204,-0.174302
0.3326469,0.0864714,-0.0842061
0.2276112,0.0930265,0.0328724
0.2156827,0.0879643,0.0432663
0.1543898,0.0764592,-0.0104541
0.0568918,0.0617224,-0.0757327
-0.0134908,0.0615847,-0.1074102
-0.0921163,0.0816765,-0.0973194
-0.0960378,0.0526786,-0.0074133
-0.0608316,0.0153378,0.1159112
-0.0103051,-0.0317694,0.1870286
0.0324622,-0.0581622,0.1851837
0.1118765,-0.0462469,0.0919133
0.1207082,-0.004149,-0.1324888
0.0563643,0.0199408,-0.0887276
0.066701,0.0275684,0.0176408
0.0340765,0.1014939,-0.0018082
0.0381214,0.1139582,0.0922184
0.060098,0.0919296,0.2241173
-0.0575918,0.0929418,0.1216622
-0.2119908,0.1314408,-0.1962755
-0.2544653,0.1554663,-0.3236684
-0.2445061,0.0622602,-0.1782337
-0.3266184,-0.0502633,-0.0218143
-0.5379643,-0.1182143,0.1146265
-0.8186031,-0.1950806,0.1051847
-0.918651,-0.1957245,0.0833153
-0.7508857,-0.3179061,-0.0067439
-0.1163449,-0.3890245,0.1120378
0.5194133,-0.2115071,0.06705
0.4124296,-0.0429408,0.0217429
0.3875235,-0.1942765,-0.1253
0.2563888,-0.3238367,-0.1098173
0.1661245,-0.4226765,-0.0503704
-0.2563796,-0.200649,-0.0362582
-0.610998,-0.0104224,-0.2137714
-0.1359776,-0.1363296,0.0437082
0.187552,-0.1426857,0.3853092
0.0133,0.04055,0.6379133
0.2324439,-0.002598,0.5302827
0.0808949,-0.0507296,0.2294408
-0.0904806,-0.1122929,-0.0458357
-0.0664061,-0.322501,-0.3028918
0.0718847,-0.3694622,-0.4381286
0.3888806,-0.3435622,-0.2121541
0.44595,-0.247199,-0.107748
0.259598,-0.1456122,-0.2506306
0.0201378,0.0329551,-0.1030082
-0.437948,0.6772704,0.3743184
-0.3123459,0.3019224,0.4696878
-0.4501663,0.2573867,0.3049745
-0.4634867,0.2192786,0.0759541
-0.2064837,0.1339959,0.0611857
-0.2478,0.3202827,-0.0710888
-0.19355,0.3759194,-0.0655949
-0.1497276,0.3999,-0.0227827
-0.0703041,0.2516051,-0.0584122
0.0069704,0.0308827,-0.0745612
0.3156276,-0.4103673,-0.1524551
0.6861806,-0.9400541,-0.0748194
0.3256327,-1.0183255,0.184001
-0.1793531,-0.5818347,0.2832684
-0.2237449,-0.1327949,0.1419867
0.008149,-0.0554704,0.2224122
0.2137214,-0.0589092,0.2069367
0.2615071,-0.0375561,-0.0381255
0.2010694,0.2665531,-0.3854153
0.2362429,0.0223092,-0.1786276
0.0014102,-0.280101,0.0708041
-0.182201,-0.0826367,-0.0587327
-0.1913347,0.1022286,-0.1088571
-0.0257061,0.0864684,-0.0759612
0.0704959,0.0038337,-0.0472357
0.0753745,0.0010694,0.0403633
0.0729041,0.0034133,0.0968653
0.0731867,0.0198255,0.0706918
0.0969541,0.0150469,0.044848
0.0807194,0.0109031,0.0356296
0.0658041,0.012802,0.0417531
0.0367061,0.0181214,0.0382704
-0.0094255,0.0119857,0.0149265
-0.0455571,-0.001048,-0.032399
-0.0582786,0.0032071,-0.066452
-0.0512459,0.0366765,-0.102752
0.0003031,0.0486622,-0.1100143
0.0657388,0.0246204,-0.0612622
0.0944031,0.0088163,-0.0079531
0.1174224,-0.0053184,0.0227949
0.1047276,0.0022755,0.0223214
0.0872408,0.0170612,0.0017398
0.05635,0.0384755,-0.013251
0.04335,0.0450388,-0.0005531
0.0647847,-0.0166367,0.0589694
0.1001551,-0.1551316,0.1147204
0.1129898,-0.2930224,0.13015
0.0905276,-0.3044663,0.0017184
0.0906265,-0.1964724,-0.3490235
0.1784908,-0.1641551,-0.9233806
0.1953071,-0.2143296,-0.6431939
0.008598,-0.2536286,0.0137
-0.2453827,-0.2186816,0.3460408
-0.3909571,-0.2413796,0.4344347
-0.3871224,-0.3221929,0.3604357
-0.2942163,-0.3424663,0.0904969
-0.3490735,-0.1643663,0.1887061
-0.2691255,-0.0008276,0.1056704
-0.1760245,0.0440459,-0.0238714
-0.1136092,0.0230612,0.0551663
-0.0969112,0.0070592,0.0140408
-0.173148,0.0263102,-0.0358847
-0.3580408,0.1147918,-0.0277765
-0.4925092,0.2022949,-0.0092388
-0.5486571,0.270948,-0.0120204
-0.5528837,0.3416071,-0.0185776
-0.5399888,0.4418418,-0.0856908
-0.4220439,0.4874602,-0.1391765
-0.2946786,0.5204286,0.0031724
-0.1911224,0.5084643,0.0650265
-0.1606,0.4466673,-0.0557918
-0.1518398,0.3549357,-0.11505
0.0049939,0.1637398,-0.1043612
0.2088082,-0.0928633,-0.1470102
0.2274429,-0.2110235,-0.2672122
0.1250388,-0.1879214,-0.303202
0.1129561,-0.1571031,-0.2601378
0.1861,-0.2408888,-0.256701
0.3149673,-0.5035816,-0.1832888
0.3338918,-0.5890153,0.1477398
0.1048571,-0.2996735,0.2818235
0.0580673,-0.2417541,-0.2490031
0.0409827,-0.0931735,-0.3096031
-0.1136296,0.0658929,0.1363765
-0.0622184,-0.1611459,0.4422847
-0.0898949,-0.1984806,0.4690153
-0.0929735,-0.1830439,0.3586306
-0.0271908,-0.1360265,0.2776949
0.0084092,0.0088469,0.1445888
0.0165816,0.0579939,-0.0010857
0.0134888,0.0394704,-0.1144949
0.0330551,0.0224194,-0.1813561
0.0386633,0.1143847,-0.2983531
0.0911133,0.2272612,-0.2961602
0.1871061,0.2791347,-0.2148796
0.2152082,0.3141745,-0.0411
0.1875347,0.4035337,0.019798
0.2096571,0.4682663,-0.0869786
0.2560449,0.4126224,-0.1292878
0.2613143,0.2260867,-0.0776857
0.2490888,0.1549898,-0.278701
0.1939816,0.2274806,-0.2536582
0.1805041,0.1038082,-0.3339367
0.1030051,-0.3750551,0.0476245
-0.0877418,-0.7927449,0.060302
-0.2876643,-1.0691235,0.4988745
-0.4782827,-1.168702,0.7457357
-0.6892163,-1.0675265,0.7205786
-0.5918612,-0.6630224,0.4796592
-0.1982796,-0.3517306,0.0787378
-0.3301673,-0.2001265,0.1286286
-0.3932296,-0.1397806,0.3204969
-0.2353765,-0.0709622,0.1111531
-0.3143837,0.1264694,-0.1469306
-0.4959184,0.3185714,-0.1062051
-0.5922092,0.4545255,-0.0483612
-0.5710847,0.5221796,-0.1040847
-0.5045276,0.5533939,-0.1607561
-0.4321224,0.5641786,-0.2206694
-0.3155173,0.4968398,-0.1434153
-0.1074949,0.2891122,0.0569153
0.2155755,-0.0218673,0.2977449
0.5700939,-0.2107827,0.3509541
0.8496184,-0.2328939,-0.298652
1.2113765,-0.5457153,-1.6916592
0.5322735,-0.4061816,-0.0095918
-0.0499571,-0.1966622,-0.4298582
0.2187918,-0.9952571,-0.1864673
0.0907867,-0.9010561,-0.1453837
-0.2286776,-0.2508378,0.2587765
-0.2747398,-0.1168143,0.5660092
-0.3358735,-0.2636378,0.5253561
-0.3287133,-0.4426143,0.2524837
-0.2380245,-0.3237071,0.1024082
-0.1371786,-0.0748255,0.215148
-0.0482163,0.0352806,0.0412398
0.0405163,0.0207306,-0.1586541
0.0836551,0.0586286,-0.2752347
0.1108327,0.1493194,-0.3833959
0.1827071,0.2075776,-0.3023408
0.2607837,0.2855908,-0.0343306
0.2841602,0.3861827,0.0138224
0.2417398,0.4081367,0.0481194
0.1934133,0.4484673,0.0685316
0.2130173,0.4655714,0.0510092
0.2836755,0.4335122,-0.040202
0.3193684,0.4164347,-0.1085959
0.2989051,0.3844255,-0.0935071
0.2927633,0.246599,-0.0770214
0.2265265,0.0743929,-0.1040592
0.1584031,0.0578806,-0.2560296
0.0637969,0.1333633,-0.2494959
0.1375337,0.0258663,-0.002151
0.3020796,-0.234951,0.0963918
0.3480612,-0.6998163,0.0487602
0.2142816,-1.1889224,0.283852
-0.1029714,-1.2745551,0.4097898
-0.5187031,-0.8527918,0.497098
-0.7346367,-0.3966337,0.6311041
-0.7023918,-0.1255306,0.4538429
-0.3253378,-0.1469051,0.0195969
-0.1052653,-0.1666245,-0.2577306
-0.1248776,-0.0341918,-0.1306439
-0.25755,0.1732837,0.1569622
-0.2530133,0.2913878,0.0256143
-0.2625429,0.3706857,-0.0793265
-0.2753888,0.4293786,-0.1659102
-0.2668612,0.4522306,-0.1555041
-0.2268153,0.417748,-0.0264571
-0.1439163,0.3656541,0.1189224
-0.0128969,0.294449,0.2463214
0.1190949,0.2163857,0.2542316
0.1900112,0.1125133,0.1110429
0.1964082,0.037198,-0.0299071
0.288798,0.0006214,-0.1450469
0.4856612,-0.0163531,-0.4325316
0.7521939,-0.1877735,-1.1299837
0.6434643,-0.3767694,-0.5946806
0.1005235,-0.2107551,-0.1072786
-0.2218959,0.0416163,0.1572745
-0.1721602,0.016352,0.2205429
-0.0233,-0.2302949,0.163798
0.1788633,-0.6749541,-0.1404602
0.3230245,-0.873249,-0.6792255
0.039599,-0.1299663,-0.0533612
-0.1479194,0.1297459,0.2842357
-0.1820898,-0.1252265,0.1559429
-0.0781112,-0.4496939,0.1325031
-0.0877622,-0.3085898,0.0675602
-0.1330786,0.0201888,-0.0313837
-0.0679418,0.1137612,-0.1243653
0.077749,0.0835102,-0.2513551
0.1628296,0.1188571,-0.3317224
0.2138684,0.1511112,-0.3329551
0.218952,0.1858316,-0.3026408
0.2578,0.2514561,-0.2702806
0.2975327,0.3292918,-0.1694755
0.2185612,0.4508235,-0.0624592
0.1695122,0.5282449,0.0399459
0.1801959,0.491402,-0.0060939
0.1775061,0.2444633,-0.1041347
0.1803551,-0.0262969,-0.0946786
0.1355837,0.0459755,-0.0832857
0.0704378,0.3090408,-0.2095735
0.188702,0.3020235,-0.473349
0.3043112,0.0948296,-0.1893296
0.3257122,-0.1300235,-0.0403408
0.3692296,-0.4818163,-0.096448
0.1441459,-0.7506816,0.2677235
-0.174951,-0.8372173,0.3807173
-0.3684092,-0.8767163,0.3354143
-0.6201214,-0.7935765,0.3298663
-0.6760531,-0.4269663,0.5285255
-0.337749,-0.2591531,0.3137939
-0.1068112,-0.3270184,-0.4692245
-0.1544133,-0.2341214,-0.3206735
-0.2868265,-0.0216378,0.0451694
-0.4447827,0.0977673,0.0343388
-0.474,0.1650878,0.0106551
-0.4789469,0.2507684,-0.0165908
-0.4783612,0.3303,-0.0575398
-0.4375653,0.3937092,-0.0602582
-0.3554357,0.432952,-0.0117122
-0.2270459,0.4269092,0.1226827
-0.0661122,0.3759449,0.2694347
0.1739663,0.2513051,0.2303449
0.3359582,0.0245184,-0.0120551
0.4145714,-0.1141735,-0.1389112
0.5119378,-0.1534816,-0.2285327
0.5245061,-0.0923561,-0.6605878
0.3294061,-0.0785041,-1.0443204
0.1245204,-0.1692061,-0.3652704
-0.0813592,-0.1601051,0.1735306
-0.1629949,-0.1389939,0.2707949
-0.1230959,-0.3299643,0.0695367
0.04585,-0.6491918,-0.0911816
0.1140357,-0.638452,-0.3258316
-0.0141367,-0.2267265,0.0190051
-0.2465367,0.0268898,0.1743653
-0.2212133,-0.1740704,0.1916612
-0.1542204,-0.4044102,0.251751
-0.1332714,-0.3343765,0.2848143
-0.1342806,-0.0316878,0.1385724
-0.0946827,0.0842653,-0.0255673
-0.030348,-0.0122612,-0.1080071
-0.041902,-0.0011235,-0.1314449
-0.0359827,0.1202,-0.1795541
0.0412745,0.2389776,-0.2930847
0.2131949,0.2589265,-0.2914847
0.362798,0.251652,-0.17025
0.4389888,0.2529745,-0.0552418
0.431951,0.2035112,-0.0913245
0.3230857,0.2423837,-0.125399
0.2453561,0.3355908,-0.0789439
0.1567755,0.4474102,-0.1364898
0.0321286,0.4784408,-0.2154398
-0.0867918,0.3542561,-0.1539276
-0.1496888,0.1845071,-0.1917
-0.1503765,0.1302561,-0.1436622
0.0524929,0.0768765,-0.3583112
0.1320786,-0.1864398,-0.0745469
-0.0139888,-0.3969857,0.0567878
-0.0246694,-0.7185327,0.424498
0.0166,-1.1745908,0.5878653
-0.2948255,-1.2095827,0.4817643
-0.6011571,-0.8271796,0.53335
-0.5603602,-0.5729112,0.4325643
-0.4974286,-0.5356786,0.105798
-0.3725857,-0.5989214,-0.5344418
-0.3449939,-0.4260837,-0.2950071
-0.3285276,-0.0829622,0.1472806
-0.2945857,0.1646469,-0.0132194
-0.3789051,0.331148,-0.1110633
-0.4253041,0.4358888,-0.1294694
-0.4322786,0.5159561,-0.0960663
-0.4081898,0.5738316,0.0021102
-0.37585,0.6151378,0.1330837
-0.3574806,0.6179908,0.210302
-0.3245776,0.5732612,0.2661398
-0.1140388,0.4201224,0.3343531
0.2856765,0.0979796,0.2427724
0.6464837,-0.1785908,-0.1264439
0.898999,-0.3015041,-0.562448
0.9391663,-0.4259796,-1.1553112
0.3257459,-0.4931459,-0.8901429
-0.5152286,-0.28315,0.0837541
-0.3832571,-0.3415071,0.5097378
0.2334367,-0.8393469,0.2025571
0.0287918,-0.4907959,-0.5780622
-0.0913296,-0.0894245,0.3712449
-0.2220194,0.0039337,0.5947051
-0.2288929,-0.2537255,0.4163327
-0.0808133,-0.4549969,0.2777265
-0.0309969,-0.2485918,0.0526663
-0.0632051,0.01605,-0.1843724
-0.0900418,0.0974408,-0.3934786
-0.078102,0.0802694,-0.2492918
-0.0598173,0.1274102,-0.2398133
0.0473429,0.2126408,-0.2504235
0.2373888,0.2579163,0.0060418
0.3623133,0.3257786,0.0964633
0.4714969,0.3814388,0.0168694
0.5157888,0.4137959,-0.1509663
0.4310531,0.3765541,-0.1584316
0.0917071,0.364,-0.0611429
-0.2195316,0.3512531,0.0236857
-0.3972184,0.347301,-0.0203061
-0.2896592,0.1846929,0.1024796
-0.0521663,-0.1937469,-0.0269316
-0.0107092,-0.4983704,-0.0163796
-0.0798469,-0.7128622,0.3104847
-0.096951,-1.0671704,0.4817939
-0.1755296,-1.50355,0.3949918
-0.6464367,-1.2367153,0.3615092
-0.6109643,-0.5928592,0.5901255
-0.4260888,-0.2610378,0.2696082
-0.2660255,-0.1306327,-0.250102
-0.4050959,0.0344306,0.0856194
-0.4950214,0.1279153,0.1916776
-0.5401653,0.1924571,0.0549694
-0.5953224,0.2492224,0.0207459
-0.6172398,0.2776459,0.0584827
-0.571298,0.3163847,0.1073449
-0.4810357,0.3971918,0.1584367
-0.4330969,0.472648,0.1907908
-0.3185143,0.3406184,0.1410153
0.0002122,-0.0010071,-0.0637949
0.6885929,-0.2966408,-0.7216276
1.1903837,-0.4296714,-0.3392235
1.1907939,-0.2242949,-0.1328827
0.7793337,-0.099499,-0.1892959
0.3539592,-0.4452133,-0.2077204
-0.1302235,-0.8802255,-0.0804102
-0.5055296,-0.8466541,0.4120265
-0.7630071,-0.6428235,0.529699
-0.7547673,-0.4747541,0.5397857
-0.5548418,-0.4043133,0.4173184
-0.3565255,-0.359752,0.3594765
-0.309051,-0.1570112,0.4310714
-0.1869663,-0.0338061,0.4598827
-0.0342122,0.0974735,0.2959653
0.0347673,0.2183265,0.0717663
0.0972673,0.2161571,-0.1488051
0.0782163,0.1699724,-0.4654816
0.0662816,0.1061408,-0.609399
0.1377684,0.0700337,-0.3800214
0.1680408,0.1509449,-0.1671143
0.2040051,0.1992061,0.000298
0.2226969,0.1715235,0.1300898
0.2185786,0.0758286,0.1772827
0.1981969,-0.0277582,0.1575255
0.1939653,-0.0871602,0.0637071
0.1513949,-0.0982796,-0.0808133
0.0904551,-0.1974551,-0.1669388
0.0962408,-0.3310724,-0.1981255
0.1690388,-0.3265439,-0.3676173
0.2938286,-0.190448,-0.6265041
0.5828378,-0.20315,-0.6289663
0.7903969,-0.2974388,0.0362041
0.796101,-0.3113143,0.4188765
0.4372684,-0.1796612,0.9120337
0.0288255,-0.1025918,1.0037663
-0.1009071,-0.3210837,0.7079612
-0.0524714,-0.6521918,0.6499398
0.0321245,-0.7443051,1.2020612
-0.1466398,-0.3916551,1.6766296
-0.3822439,-0.1126082,0.9172041
-0.3510031,0.0780694,-0.1298255
-0.2042041,0.0377959,-1.691799
-0.4442316,0.0481724,0.7816378
-0.2844806,-0.1623786,0.5859
-0.1628673,-0.1938378,0.0606816
-0.1955776,-0.0500316,0.0657184
-0.4141051,0.0876939,0.0580612
-0.6101143,0.1572837,-0.0050082
-0.629848,0.1656112,-0.0818776
-0.5345,0.1882296,-0.1414398
-0.4068408,0.2208684,-0.2849214
-0.2352857,0.1991551,-0.3148296
-0.0203429,0.1562173,-0.1999265
0.172549,0.1009755,-0.0488908
0.4155408,-0.0291469,-0.0649398
0.7320969,-0.146752,0.1341602
0.8481561,-0.1335235,0.1691776
0.5989469,0.0940745,-0.0830327
0.3700408,0.1226112,0.0823286
0.2116327,-0.2527684,0.3962765
0.1548673,-0.6189378,0.0096796
-0.2450949,-0.4241949,-1.3556867
-0.6720408,0.1627561,-0.126051
-0.7006204,0.2558459,0.3389969
-0.3542316,-0.036652,0.2291286
-0.2262204,-0.1585408,0.2284163
-0.2725367,-0.0818255,0.3317776
-0.2149847,0.0022622,0.2508439
-0.0888673,0.0073735,0.1597265
-0.0518918,0.0144184,0.0406929
-0.0079755,0.0004806,-0.0411408
0.0543143,-0.0247286,-0.0981878
0.0813541,-0.006498,-0.314748
0.0949316,0.0275316,-0.4290582
0.0962296,0.0515255,-0.3243684
0.1217224,0.0421541,-0.2584806
0.1214765,0.0079643,-0.1886684
0.0919653,0.0017102,-0.0750633
0.0500827,0.0204735,0.045701
0.0028898,0.0415796,0.1457653
-0.01805,0.0201878,0.1765112
-0.0599378,-0.0263051,0.1259796
-0.0741439,-0.0680918,0.0734745
-0.0894276,-0.0441051,-0.0351571
-0.011102,0.0120245,-0.1595745
0.1839061,-0.0142786,-0.1992418
0.3469786,-0.0953337,-0.2969602
0.4152408,-0.154348,-0.4285898
0.5487316,-0.2484571,-0.3925673
0.6878153,-0.3316204,-0.3149694
0.7738673,-0.221252,-0.5157439
0.4396663,-0.0682796,-0.2489235
0.0470745,-0.0938092,0.1876316
-0.2496561,-0.2940724,0.3328735
-0.452851,-0.644501,0.4120327
-0.5062398,-0.7956857,0.6959357
-0.3675459,-0.5100061,0.890951
-0.3127082,-0.0952224,0.5692694
-0.1201051,0.0243347,-0.5444378
-0.1186551,0.0149765,-0.4240235
-0.2766061,-0.0041143,0.4963143
-0.1340469,-0.1456286,0.1128592
-0.2755153,-0.1147061,-0.167202
-0.4168949,0.0041745,-0.0844857
-0.4797276,0.1388102,-0.1307765
-0.5584592,0.2900561,-0.0564469
-0.5881122,0.3862439,-0.0162592
-0.5921153,0.4530286,-0.0676847
-0.5544327,0.5044929,-0.0819153
-0.4619663,0.5223776,-0.0431612
-0.3411347,0.4624796,-0.0528898
-0.2172673,0.3528,-0.0582235
-0.0639122,0.202099,-0.00985
0.1128694,0.0566439,0.050449
0.2323694,0.0852265,0.0750612
0.2349908,0.192698,0.025601
0.2478847,0.1452694,-0.154548
0.4703857,-0.1553633,-0.7628827
0.7055388,-0.496999,-1.0028949
0.3097204,-0.2181959,-0.4691214
-0.042799,0.1072663,-0.0905286
-0.1261265,0.0338602,0.0111367
-0.1744071,-0.0930031,0.1102469
-0.1945306,-0.315499,0.2024459
-0.0140541,-0.8766327,0.1237745
0.263201,-1.1471837,-0.5543153
-0.061652,-0.1335449,-0.4884633
-0.4177235,0.3368459,0.292502
-0.3313571,0.1070316,0.4400204
-0.3186347,-0.348849,0.2886224
-0.2706786,-0.6392265,0.2543327
-0.243299,-0.3819214,0.178952
-0.1510235,-0.0601112,0.0913786
-0.0363724,0.0517306,-0.0138439
0.0832337,0.070801,-0.2197806
0.1497112,0.1292857,-0.4669908
0.2320194,0.112598,-0.4268184
0.2906184,0.1297531,-0.2511296
0.2931714,0.236502,-0.0757296
0.2369796,0.395301,0.0106786
0.1283051,0.4901878,0.0495051
0.0107816,0.4449633,0.0956184
-0.0258245,0.391651,0.0067867
0.0051755,0.353401,-0.1196092
-0.1185408,0.3535633,0.024898
-0.2522429,0.3376459,0.021248
-0.2363071,0.2857469,-0.029698
-0.0176204,0.2160153,-0.0508786
0.3516622,-0.1038235,-0.1589786
0.4237633,-0.5361102,-0.0483673
0.2002929,-1.0023633,0.3405194
0.0653878,-1.6345735,0.4733673
-0.3470602,-1.6031582,0.3706898
-0.5004827,-0.5939469,0.6163898
-0.4990796,-0.0638724,-0.2135051
-0.2666153,-0.3174143,-0.1044092
-0.2806367,-0.4036571,0.1923102
-0.2264133,-0.2126673,0.1561459
-0.1390949,-0.0110551,-0.0853071
-0.2703133,0.1718041,0.0116929
-0.3932929,0.3032194,0.0841204
-0.4099673,0.391251,0.0296592
-0.397599,0.457551,-0.0418245
-0.3881827,0.4888102,-0.0685286
-0.3720255,0.5023102,-0.0480245
-0.3254469,0.5162357,-0.0147755
-0.2114204,0.4327786,-0.0120531
0.021348,0.1848755,0.0762306
0.2685112,-0.0235378,0.1393959
0.5243898,-0.0910776,0.1477724
0.5912847,0.031698,-0.0233153
0.5677184,0.1327684,-0.4029684
0.6372745,-0.0254051,-0.8084714
0.5051347,-0.2054929,-0.2110806
0.0617459,-0.0656459,0.2938051
-0.0783204,-0.3080296,0.0558745
0.540051,-1.4868122,-0.1645255
0.2325908,-0.7355071,-0.4700806
-0.2830133,0.1896367,-0.1888643
-0.3408337,0.0498735,0.318051
-0.1948541,-0.4768776,0.6417827
-0.2697469,-0.6977908,0.711699
-0.3337847,-0.4633776,0.4418235
-0.2923663,-0.0635184,0.2193316
-0.1734378,0.1152643,0.0641082
-0.1284,0.1474337,-0.0751255
-0.0777663,0.1212347,-0.1503041
-0.0016663,0.145401,-0.2373214
0.0981276,0.2368337,-0.6000867
0.1788867,0.2933255,-0.3793173
0.361498,0.2715806,0.1383857
0.4316755,0.3092663,0.1779194
0.4712959,0.2850582,-0.0092357
0.4561112,0.3017459,-0.0031816
0.2461735,0.3804939,-0.0099143
-0.0250816,0.4286357,-0.1489092
-0.1739531,0.2178082,-0.0303418
-0.3195255,0.0529765,0.0557214
-0.4142418,0.0417408,0.0872745
-0.2937571,-0.0410286,0.1721776
0.0752102,-0.2976306,0.113501
0.388149,-0.4460429,-0.4190643
0.1448,-0.5799939,-0.2001337
-0.2477918,-0.8264724,-0.0229755
-0.5108337,-1.1988622,0.204949
-0.709952,-1.188151,0.3995102
-0.6968898,-0.6183551,0.3845949
-0.4354071,-0.2267235,-0.0609071
-0.2170541,-0.1882153,-0.2785296
-0.1511418,-0.2641704,0.1235408
-0.095252,-0.2632439,0.2014398
-0.1863888,-0.092752,-0.0258153
-0.3686694,0.1140469,-0.0746633
-0.5107867,0.3109582,-0.0746694
-0.5512347,0.496501,-0.1022133
-0.5186133,0.628248,-0.0945755
-0.4240704,0.6731673,-0.0613398
-0.2442347,0.6018939,-0.0130653
-0.0426796,0.3850214,-0.0076898
0.1121041,0.0841653,-0.0168061
0.1992776,-0.0816898,0.0990786
0.3625133,-0.078351,0.2331286
0.5047867,0.0252347,0.0397398
0.5892582,0.0799612,-0.3796541
0.6915163,-0.0732622,-0.5468633
0.470748,-0.1986827,-0.1911969
0.1402092,-0.2270255,-0.0332459
-0.0526429,-0.1546449,0.0589592
-0.1260306,-0.1916878,0.14055
0.2293143,-0.7085806,0.1118806
0.4551061,-0.9675622,-0.5115245
-0.1328939,-0.3874918,-0.4762735
-0.2897133,-0.1375306,0.1001755
-0.331802,-0.1099398,0.2246173
-0.4062235,-0.2693735,0.3559622
-0.3524663,-0.4548459,0.4940806
-0.4082684,-0.2037541,0.4305878
-0.2752806,0.1322663,0.3022653
-0.1339439,0.2149449,0.0879837
0.0136806,0.1204622,-0.1429786
0.0441571,0.1164337,-0.2516092
0.072901,0.2198408,-0.2924714
0.1662224,0.4027418,-0.5394388
0.3819276,0.4637378,-0.4947357
0.609002,0.3530235,0.1362337
0.8547041,0.3573908,0.0414469
0.9839041,0.4311214,-0.976401
0.4713816,0.489651,-0.2083429
0.0733378,0.4143592,-0.0979827
-0.1332337,0.2373153,-0.0847429
-0.176351,0.0201378,0.0238735
0.029651,-0.2779133,0.09565
0.236551,-0.5526959,-0.1478408
0.1927857,-0.6185255,-0.5614684
-0.0411357,-0.7080673,-0.3098194
-0.2689908,-0.751851,-0.0112378
-0.4860418,-0.694548,0.3270959
-0.5676,-0.5753653,0.5782071
-0.3009429,-0.3149286,0.370051
-0.0392959,-0.1224378,-0.2037735
0.0538388,-0.0962755,-0.4406367
-0.0351898,-0.1771878,-0.0609143
-0.1385806,-0.1392949,0.1417204
-0.2858245,0.0300112,-0.0626653
-0.3827612,0.1350582,-0.1973153
-0.403499,0.1816418,-0.2579143
-0.3147806,0.1800265,-0.2120112
-0.1645888,0.1996735,-0.0886837
-0.0934224,0.2727296,-0.0431327
-0.1146286,0.3650541,-0.0621092
-0.1628051,0.4262969,-0.0687082
-0.15515,0.4608929,-0.0753796
-0.1122143,0.3904684,-0.1000612
0.0181612,0.2118449,-0.0437908
0.1639796,0.0195592,0.1267071
0.2863092,-0.1071714,0.237248
0.3590714,-0.1209663,0.0469082
0.3867776,-0.0652541,-0.2853041
0.4879418,-0.1230255,-0.5901418
0.5875969,-0.2874694,-0.3705755
0.3775153,-0.2070071,-0.0207898
-0.0356398,-0.1957959,-0.3960092
-0.2996633,-0.3846347,-0.4130939
-0.196151,-0.4360051,0.0421643
-0.1648765,-0.3277469,0.1415724
-0.1628827,-0.2200327,0.1119408
-0.1193735,-0.1546102,0.1979857
-0.026402,-0.2630082,0.3225122
0.0548,-0.3298082,0.3516051
0.058052,-0.1953378,0.1941602
-0.0303031,0.0139357,-0.0319378
-0.0936031,0.1252704,-0.1000112
-0.1568408,0.1881357,-0.0894296
-0.2200459,0.1651959,-0.0642327
-0.2317673,0.1164398,-0.0221367
-0.0903347,0.1110612,0.0527031
0.0590306,0.1847908,0.0390724
0.1810786,0.3222796,-0.162252
0.3924245,0.3927296,-0.3124418
0.5108306,0.3572337,-0.1358255
0.4484367,0.3433776,-0.2230735
0.3603867,0.3372031,-0.2607265
0.1758235,0.3687306,-0.0425173
-0.1442949,0.3037378,0.0113633
-0.3535429,0.1704082,0.0333255
-0.3975398,0.1407051,0.2048714
-0.1642286,-0.0726173,0.2468602
0.137902,-0.577101,-0.227451
0.0678582,-0.9633041,-0.3405837
-0.1663061,-1.160498,0.0790806
-0.3071429,-1.4650663,0.3908959
-0.7180276,-1.1496602,0.4946694
-0.7728939,-0.506401,0.3426714
-0.505001,-0.2237806,0.0956224
-0.2699571,-0.2700878,-0.2797357
-0.2073643,-0.3596663,-0.4228612
-0.29615,-0.3009429,-0.159248
-0.3545755,-0.051601,0.0466245
-0.3448561,0.1578469,-0.0825439
-0.3046357,0.2777592,-0.1347255
-0.2375173,0.353852,-0.0232265
-0.1667878,0.4063306,0.1168878
-0.1278235,0.4777173,0.1187235
-0.1158082,0.5709949,0.0778133
-0.1222684,0.6181153,0.0230684
-0.1202582,0.5498133,0.0005051
-0.0703786,0.3201143,0.0241776
0.0434194,0.0579092,0.084049
0.1486214,-0.0767827,0.0573939
0.2324122,0.0032531,-0.0586561
0.2771235,0.1170347,-0.2420173
0.3353102,0.1733469,-0.3575388
0.3620184,0.1283673,-0.2136255
0.354999,-0.1172878,0.1578878
0.2026173,-0.3014061,0.1993673
-0.1019255,-0.3828429,-0.0397755
-0.2359684,-0.6817724,-0.1779082
0.2458082,-1.4888112,-0.0375786
-0.0421786,-0.7498878,-0.8472612
-0.5556327,0.0309163,0.0896092
-0.4489949,-0.0049531,0.4987908
-0.4066235,-0.3403153,0.5425561
-0.3574929,-0.6173347,0.6017276
-0.3926643,-0.2984633,0.3660398
-0.2239643,0.0271184,0.1899235
-0.1080949,0.1768173,0.0868367
-0.0060724,0.1540949,-0.0145714
0.0154235,0.1200459,-0.0293643
0.0566531,0.1234122,-0.045498
0.1576367,0.1364296,-0.1712724
0.3030388,0.14985,-0.5167765
0.3836092,0.1515582,-0.1209643
0.3846429,0.1719306,-0.0286673
0.2602929,0.1456378,-0.3205255
0.0900031,0.0972806,-0.0011418
-0.0116102,0.1240235,0.2297949
-0.0711827,0.2389796,0.286051
-0.0843888,0.3062092,0.1869592
-0.03035,0.2194673,0.0848745
-0.0389673,0.1252122,0.0021031
-0.135898,0.1267092,0.05505
-0.2014367,0.1847684,0.1087163
-0.1613796,0.22025,0.0798745
0.0120878,0.1696347,-0.1629663
0.158601,0.0294398,-0.3569235
0.0266816,-0.1652561,-0.101
-0.1731673,-0.4573398,0.1260173
-0.2450204,-0.8488133,0.3371929
-0.1990939,-1.4571929,0.3646224
-0.40825,-1.3655837,0.4230969
-0.5757306,-0.4054071,0.659501
-0.5672633,0.019998,0.3815592
-0.3755041,-0.3254429,0.0594684
-0.1067531,-0.7088112,-0.1764378
0.0207786,-0.538501,-0.1448092
-0.0786082,-0.2221327,0.1753949
-0.2938857,-0.0351327,-0.08645
-0.4177959,0.1001765,-0.2107133
-0.5014133,0.2275653,-0.2196245
-0.4783429,0.2513204,-0.1484388
-0.3400173,0.17025,0.007498
-0.2906276,0.1531449,0.0300541
-0.2746418,0.1851439,0.0209765
-0.2122347,0.2498745,0.0037276
-0.1885163,0.3599306,-0.0255418
-0.1898714,0.4539429,-0.0214643
-0.1339571,0.4635949,0.0673612
0.0511673,0.2425622,0.1637102
0.1214602,-0.0187643,0.1684337
0.3226316,-0.1910745,0.1340276
0.4713541,-0.1143214,0.0195704
0.4283622,0.0860449,-0.1939041
0.4831857,0.106398,-0.5115704
0.5215296,0.0417949,-0.7043949
0.2400724,0.0471857,-0.2136724
-0.0587347,0.0176214,-0.0257041
-0.3476888,-0.0553459,-0.0417357
-0.3863755,-0.2939347,0.075601
0.116751,-1.7002663,0.1601163
0.5264224,-1.5869969,0.0299878
-0.2126449,0.1480092,-0.3929653
-0.4801357,0.3820102,0.2492469
-0.3259398,0.0692133,0.4841561
-0.1780153,-0.3131082,0.8730969
-0.0859,-0.6348776,0.6014265
-0.3144745,-0.3491582,0.1677418
-0.3503918,0.0483684,-0.0060449
-0.3066837,0.1873673,0.1596398
-0.361451,0.2425429,0.1107561
-0.3243735,0.2103143,-0.2264704
-0.1944429,0.186501,-0.4834194
0.0661908,0.1465265,-0.380252
0.2229796,0.0003306,0.0281449
0.2511337,-0.0567949,0.2321439
0.2840163,-0.0377418,0.2945908
0.3318184,-0.060652,0.3519286
0.3099469,-0.004301,0.2046224
0.3524898,0.0067286,0.046598
0.2064735,0.1014561,0.0453041
0.1307357,0.0796653,0.1472755
0.0612255,-0.040201,0.1504959
-0.0354663,-0.1063612,0.1220082
-0.1670969,-0.0545163,0.0677306
-0.2228163,-0.0375031,0.0155041
-0.1871418,-0.0513704,-0.1015214
-0.0849786,-0.0122714,-0.2601184
0.0633378,0.0290031,-0.2923806
0.2358847,-0.1118245,-0.1138622
0.3296235,-0.2536837,0.1894816
0.3846622,-0.3453449,0.3536755
0.3665806,-0.2120388,0.2050102
0.2530561,0.0453663,-0.0757276
0.118402,0.1823796,-0.2548051
0.0694255,0.1521837,-0.5394612
-0.0579643,0.0119316,0.0053469
-0.1235561,-0.3253031,0.3901745
-0.1557469,-0.5898663,0.5461449
-0.2178439,-0.4786663,0.5695796
-0.2423561,-0.2343306,0.5154786
-0.2052918,-0.1148969,0.4336561
-0.2120929,-0.0174541,0.2670367
-0.3123327,0.0854888,0.2193112
-0.4449939,0.141398,0.0902122
-0.6684265,0.3847296,-0.1311296
-0.0410143,-0.1974276,-0.2424571
-0.0131082,-0.0351633,-0.0167959
-0.1440092,0.1526602,0.1505429
-0.2102061,0.2248,0.1102949
-0.2802388,0.2546265,0.0688357
-0.3090663,0.252698,0.1624929
-0.3647041,0.3499071,0.2219561
-0.4002612,0.2875776,0.0658653
-0.2470235,0.0998847,-0.0446694
-0.0269714,0.0917653,-0.0202347
0.1596969,0.0340816,0.1700582
0.4013255,-0.0604847,0.2794031
0.5931041,-0.2274327,0.171301
0.6981388,-0.434499,0.129248
0.5793765,-0.4734571,0.0578949
0.3342643,-0.4495602,-0.0137153
0.1448337,-0.459549,-0.1143643
-0.0693857,-0.4159949,-0.1825633
-0.377349,-0.1825459,-0.943648
-0.3723806,-0.1100102,-0.0250153
-0.2029255,-0.1207939,0.4115276
-0.0828551,-0.4274857,0.2187949
-0.1094837,-0.2905367,0.1690429
-0.040951,-0.2511439,0.0812041
-0.1117357,-0.1084357,-0.1133653
-0.0982469,0.0199286,-0.1518602
-0.0147378,0.0585378,-0.0751306
0.1325939,0.0403847,0.0009388
0.2365041,0.0363194,0.1341663
0.3529143,0.0420694,0.0300959
0.2843561,0.0294959,-0.1614806
0.0531929,0.0175469,-0.0450592
-0.2001673,0.0251959,0.2571551
-0.2641204,0.0245745,0.3333673
-0.2625143,0.0617316,0.0755398
-0.1926908,0.105651,0.027801
-0.0671602,0.1037173,-0.0060439
0.0796704,0.1073102,-0.0098327
0.1896316,0.0738429,-0.0501163
0.1757867,0.1296184,-0.0920092
0.1677306,0.1468959,-0.1050633
0.070801,0.1151173,-0.1637694
-0.0463867,0.1083439,-0.0023929
-0.0185133,0.0638071,0.0376959
-0.0142796,-0.0119684,0.0923551
0.1894194,-0.0025286,0.0249582
0.264,-0.0005541,0.1249704
0.6241673,-0.1274133,0.2335378
0.6555663,-0.2222694,0.3746969
0.3979449,-0.3027602,0.2333806
0.1838133,-0.3404806,0.0675378
0.0391153,-0.3414418,0.0791612
0.0124745,-0.2949276,0.2219786
0.0293102,-0.2186439,0.2809867
0.039302,-0.1704276,0.2282061
0.0264612,-0.161001,0.1216204
-0.0091,-0.1311041,0.0506327
-0.0846255,-0.1036653,0.0292816
-0.094751,-0.0484112,-0.0232837
-0.1091122,0.0088561,-0.0661939
-0.0904878,0.0169653,-0.1170643
-0.1409306,0.0567796,-0.1364235
-0.2555276,0.1006857,-0.0974092
-0.2163459,0.087899,-0.0895551
-0.108649,0.056,-0.16525
0.0092888,0.0083582,-0.1768122
-0.0817173,0.0586724,-0.1383439
-0.1403949,0.0469776,-0.1429051
-0.1307908,0.0443837,-0.248399
-0.0624735,0.0573082,-0.4171143
0.0179806,0.0242133,-0.5370643
0.0319622,-0.0014031,-0.5390235
0.0086704,0.0369541,-0.4155602
0.0159031,0.0582439,-0.3315153
0.0235561,0.0754429,-0.3193296
0.0373796,0.0824265,-0.2508316
0.8150153,-0.1731684,0.9344918
0.6624673,-0.0366102,0.6590265
0.186052,0.0103449,0.1330633
-0.1257561,0.0497786,-0.2623286
-0.1562112,0.1423633,-0.3672418
-0.0896306,0.2076204,-0.2661582
0.012399,0.1890704,-0.1567265
0.0039929,0.1036561,-0.0265561
0.046702,0.0713459,0.1858071
0.050401,0.0068969,0.2212255
0.0976051,-0.0504776,0.1423929
0.1830306,-0.0627663,0.0932418
0.1984867,-0.0407684,0.1176439
0.1462398,-0.0325612,0.0799561
0.1227102,-0.0306949,0.0860602
0.1015071,-0.0944071,0.1499745
0.0858276,-0.1418092,0.2255204
0.1150194,-0.0449684,0.1791898
0.0968908,-0.0522735,-0.0331878
0.0016245,-0.0396531,0.0276153
-0.0252173,-0.0392898,0.2595735
0.0315071,-0.171049,0.4600133
-0.0516204,-0.0762796,0.2961612
-0.0213929,0.0218143,-0.144202
-0.0120796,0.0405704,-0.3580561
0.0407204,-0.0669143,-0.3968847
0.0011306,-0.0407296,-0.3623408
-0.0057429,-0.0209765,-0.2047765
0.0649429,-0.0731969,-0.0226163
0.0617847,-0.091501,0.0517122
0.0122745,-0.0534204,0.0946051
-0.081951,-0.0067735,0.1557378
-0.0865102,-0.0108041,0.0822908
-0.0649031,-0.0084622,-0.0500898
-0.0426622,-0.0147306,-0.1497612
-0.0526398,-0.0235296,-0.168251
-0.1276969,0.0191245,-0.0691214
-0.1480163,0.0473316,0.0277694
-0.1014337,0.034402,-0.0172745
-0.0453224,0.0308939,-0.1254551
-0.175052,0.1079031,-0.0465347
-0.1006582,0.1147031,-0.0429153
-0.1882367,0.1466378,-0.0232276
-0.1446857,0.1110429,-0.0395347
0.0199327,-0.0134867,-0.0749316
0.0548847,-0.0772561,-0.0592612
0.0179837,-0.0735949,0.010652
-0.0170724,-0.0271602,0.0355388
-0.0126469,-0.0123388,0.0405949
-0.0027194,-0.0135041,0.0327102
-0.0018,-0.0040153,0.0038276
-0.0008265,-0.0024755,-0.0111153
-0.0061439,0.0021622,0.0010724
0.0019194,-0.0016306,0.0223337
0.0220622,-0.0155878,0.0300204
0.0210102,-0.0113878,0.0181622
0.0112112,-0.0095837,0.0072551
0.0045163,-0.0088755,0.0181153
-0.0123112,0.0083612,0.0176704
-0.0099378,0.0177204,-0.0059306
0.0040969,-0.0055827,-0.0033857
0.0133439,-0.0196265,0.0320622
0.0182327,-0.0235684,0.0467786
0.0260367,0.0052337,-0.1876806
-0.0622704,0.0428449,-0.1693918
-0.0768969,0.0341663,0.0832684
-0.0456867,0.03335,0.2088153
-0.0135847,0.0340888,0.0770408
0.0015347,0.0395663,-0.0391051
0.0629898,0.0117867,-0.0807949
