accx,accy,accz
-0.0288296,-0.0068367,-0.3031612
-0.1353459,0.0161704,-0.248151
-0.0473255,-0.0179663,-0.0122439
0.0766735,-0.0331031,0.169599
0.1504806,-0.0650571,0.3160888
0.0609408,-0.06745,0.1795255
0.0770592,0.0059357,-0.0176888
0.0170857,-0.0472939,0.0703612
0.1649051,-0.0972306,0.1307041
0.1766245,-0.1533245,-0.1758582
-0.2961173,0.1399561,-0.1351898
-0.4640061,0.2670969,0.1288459
-0.170999,0.1050755,-0.0577
0.0908163,0.0119357,-0.18515
0.079901,0.103951,-0.0671959
0.0726276,0.1240765,-0.0799296
0.0495459,0.0564724,0.010001
-0.0227949,0.0105112,0.117599
0.0452663,0.0014929,0.2402959
0.1561306,0.0104388,0.0363092
0.1460327,0.0608786,-0.1308276
0.0902439,0.0358041,-0.1276408
-0.0143122,-0.0254418,0.0803816
-0.0738102,-0.1142745,0.2451418
-0.1165622,-0.1569398,0.1942327
-0.0548408,-0.1722949,-0.0606745
0.0417031,-0.1562684,-0.3815571
0.0630122,-0.2795571,-0.450852
-0.1090643,-0.4410153,-0.2325
-0.1787633,-0.5391398,-0.1548224
-0.2367184,-0.6155102,-0.1608847
-0.3713684,-0.672898,-0.3331776
-0.4897582,-0.773201,-0.4149092
-0.7353776,-0.9171663,-0.171302
-0.7611602,-1.0328439,0.0102653
-0.4808857,-1.0031592,-0.0810969
-0.1799663,-0.7592449,-0.0282194
0.2588418,-0.4195235,0.2784786
0.5610459,-0.1421061,0.4818357
0.8151367,0.0695388,0.5652969
1.1574602,0.2873439,0.3151459
1.2500122,0.4822541,-0.2417469
1.2836143,0.6851694,-0.861002
1.211801,0.8163459,-1.1818633
0.9566745,0.7971255,-1.0388827
0.7385837,0.7421776,-0.825648
0.5703469,0.6565184,-0.7695204
0.4617949,0.5599367,-0.8248031
0.3548286,0.4477276,-0.9437388
0.0570204,0.1780041,-0.8524847
-0.3551388,-0.1647837,-0.9220673
-0.0427041,-0.0804592,0.0136173
0.0553143,-4.1e-06,0.2186327
-0.0398551,0.1507224,0.0483133
0.2575306,0.2401878,0.0435602
0.2366724,0.2691429,0.0134153
0.2532714,0.2838347,-0.0140418
0.2479031,0.2537,-0.0224582
0.141002,0.2242827,-0.1527531
0.1264898,0.1617827,0.0737918
-0.2796224,-0.0023867,0.2018888
-0.1009684,0.1383276,0.0846837
-0.3044531,0.0603551,0.3539061
-0.2303837,0.1226898,0.0452735
-0.0962612,0.1284796,-0.066
-0.167201,0.0759918,0.0344102
-0.3102194,0.1383122,0.268751
-0.2829888,0.0359776,0.2613551
-0.1913265,-0.0955959,0.1761286
0.0317408,-0.0983878,0.070152
0.061702,-0.1887531,-0.0548296
0.2129684,-0.2450357,-0.1177592
0.2159663,-0.2533796,-0.0345663
0.335548,-0.1483786,-0.1250898
0.1747724,-6.63e-05,-0.0561041
0.1111735,0.1267214,0.0037112
-0.0547949,0.1226102,0.0366857
0.2146867,0.0223337,-0.0522245
0.6151837,0.1959327,-0.2746898
0.8211286,0.2684429,-0.3446561
0.9015031,0.3262653,-0.239652
0.5074908,0.2190357,-0.4744969
-0.4084204,0.0116122,-0.3028469
-0.9589051,-0.4851898,0.0839531
-0.9662622,-0.3825153,0.5220265
-0.6970929,0.0022235,0.2217969
-0.5134296,0.4134806,0.148549
-0.6424653,0.3602776,0.1430969
-0.6348806,0.2432755,-0.0264031
-0.2892316,0.1145827,-0.1914602
0.0226082,-0.0551276,-0.1899969
0.6730173,-0.2990092,0.0203969
1.1002347,-0.3955796,0.0239531
0.7114673,-0.2351276,-0.0733378
0.1153112,0.0573888,-0.2389051
-0.0686153,0.1286449,-0.1534418
-0.0117347,0.1256551,-0.0108612
0.0315857,0.0515173,0.1190184
0.0828796,0.0046398,0.1362643
0.1335143,-0.0266357,0.1268265
0.0746867,0.0122214,0.0593571
0.0528051,0.0283245,0.0140724
-0.0456633,-0.0163878,0.0277765
-0.1522776,0.0166765,0.0461153
-0.1953643,0.066198,0.0342265
-0.0925316,0.1498378,0.1564163
0.0167214,0.1988796,0.316351
0.0662316,0.1740449,0.2503224
0.1175592,0.2859112,0.0001827
0.0638776,0.3223204,-0.0781082
0.1210276,0.2621827,-0.4844459
0.1879173,0.0660316,-0.8454276
0.1652949,-0.0316592,0.2661429
0.0912633,-0.0282867,0.378149
-0.1436408,-0.0829745,0.2187276
-0.183002,-0.0943469,0.0079398
-0.2976153,0.1222051,-0.0573898
-0.4194643,0.2324122,-0.0624398
-0.4042265,0.2899245,-0.1951918
-0.2970224,0.4428857,-0.1499061
-0.2438806,0.5517357,-0.0288918
-0.0944245,0.5033765,0.0251959
0.4573051,-0.981848,0.5746296
0.8176,-2.2889694,0.8734878
-0.1598816,-1.3303633,-0.2813888
-0.4166918,0.0755592,-0.4937918
-0.0979796,0.3231878,-0.3533541
0.1257265,0.2230908,-0.1693837
0.1302143,3.1e-06,-0.0109276
0.0092357,-0.0958133,0.0208071
-0.0058061,-0.1070561,0.0187949
0.0832296,-0.0461276,0.0867204
0.1575265,-0.0602571,0.1056
0.0310714,0.132898,-0.0516265
0.0634357,0.0623969,-0.1067429
0.0786469,-0.0648235,-0.0845327
0.0452347,-0.0729571,-0.0456806
0.0021847,-0.0067143,0.0256092
-0.0088745,0.0347255,0.0111663
-0.0436735,0.0272398,-0.0257459
-0.0149082,-0.0364408,-0.0280786
0.0505418,-0.0725031,-0.0635316
0.056902,-0.0645031,-0.1008714
-0.0198653,-0.0166653,0.0886745
0.0532367,0.0083969,0.0601837
0.1516816,-0.0578714,-0.1012112
0.2395704,-0.1772031,-0.1016592
0.0727837,-0.2691622,0.0431276
-0.1899439,-0.2324449,0.2620816
-0.2682571,-0.1104388,0.0337296
-0.2605429,0.0824,0.0463684
-0.1874255,0.1937735,0.1012429
-0.0807439,0.2356959,0.1847265
0.02465,0.2469082,0.1969031
0.0637357,0.2718051,0.1430929
-0.0064194,0.3142449,0.08705
-0.1139898,0.3783898,0.051802
-0.1171592,0.4017194,0.0951337
-0.0777327,0.4371949,0.093551
0.0028439,0.4842714,0.0516551
0.1172337,0.4986255,0.0476112
0.1775888,0.4947276,0.1269357
0.0484602,0.4973704,0.1519786
-0.0996469,0.4211571,0.0634112
-0.1470173,0.2263796,-0.0570082
-0.0175122,-0.1134796,-0.1421398
0.1894776,-0.4571949,-0.2291684
0.1375878,-0.3918735,-0.1719551
-0.0083847,-0.169852,-0.1364112
-0.019652,-0.1020939,-0.1218765
0.0311102,-0.0868031,0.0275265
0.1053439,-0.0818663,-0.0440194
0.1448429,-0.0688245,-0.3062847
0.1093541,-0.6285571,-1.0249204
0.5682816,-2.1385816,-1.782202
-0.188798,-1.0356398,1.5631551
-0.5191531,0.5113551,-0.4569388
-0.1456173,0.7882765,0.9352276
0.2606418,0.5996592,1.8171367
0.0379459,-0.0195459,1.0973194
0.142252,-0.7179684,-0.5454694
0.2300184,-0.6066786,-0.5699388
0.0113296,-0.0689735,0.1641929
0.0074439,0.2017561,-0.2725939
0.0099173,0.3071531,0.1428153
0.0045857,0.2396888,0.0180827
0.0344357,0.0860735,0.0709143
0.0363235,0.127951,-0.1130071
0.0748571,0.1748357,-0.2608949
0.0509673,0.1485776,-0.2309306
0.0442439,0.115201,-0.0732357
0.0688439,0.1417347,0.0016051
0.0563153,0.1730418,0.1821653
-0.0035041,0.2439306,0.1381184
-0.0513173,0.2004224,0.2968378
-0.1225908,0.106448,0.4234673
-0.1469337,0.0291459,0.2969235
-0.0694388,1.73e-05,0.1092388
0.0775327,0.1608265,-0.3653265
0.0233367,0.4190398,0.1273459
0.1012816,0.4328755,0.0720367
0.1530684,0.136052,-0.0837694
0.0539041,-0.1186429,0.0726612
0.0590388,-0.0985204,-0.0058255
0.1074714,0.1058561,0.2222214
0.2377388,-0.0120622,-0.0631173
0.4120939,-0.5323041,-0.2315571
0.2716633,-0.9805939,-0.2598531
-0.150499,-0.9647082,-0.2532418
-0.5373755,-0.562848,-0.1784163
-0.5107469,-0.2163827,0.0625204
-0.1541551,-0.0435327,0.1493653
0.1497388,-0.1744173,0.0212531
0.2047204,-0.3428092,-0.1855531
-0.0304969,-0.2592816,-0.186848
-0.2709878,0.0005949,-0.0632316
-0.3745969,0.2067673,0.0120224
-0.3918429,0.3117776,0.0577908
-0.3046204,0.324048,0.0846357
-0.2487276,0.3175102,0.1585051
-0.1958949,0.3447398,0.1850857
-0.1183327,0.3646153,0.1708041
0.0063633,0.3660408,0.2087102
0.1660602,0.3375194,0.0937633
0.3246633,0.3059765,-0.0876265
0.3842643,0.3019816,-0.0169449
0.2929061,0.3321551,0.047948
0.0933806,0.3193316,0.0830612
-0.0744265,0.1258602,0.1238276
-0.2435898,0.0795265,-0.002349
-0.2827724,0.0437745,-0.2857367
-0.2314102,-0.1399918,-0.3390745
-0.2529071,-0.3311357,-0.33705
-0.2575643,-0.3299714,-0.2479
-0.1434337,-0.0878867,-0.0701133
-0.0752102,0.0559796,-0.1061582
-0.0773561,-0.0987571,-0.6128143
0.0463378,-0.3719153,-0.6102
0.1770347,-0.273701,1.2323867
0.0937622,-0.4852571,0.9593306
0.4138653,-1.3760755,-1.6564643
0.0176367,-0.6060265,-0.1042439
-0.2956112,0.3559561,1.0270429
-0.0669102,0.3101847,1.3317469
0.0095561,-0.0661276,0.5867541
0.1782673,-0.3660082,-0.0855265
0.1776837,-0.2439408,-0.4009551
-0.1762071,0.1094827,-0.3321439
-0.270448,0.1919714,-0.3039806
-0.2592276,0.0414724,-0.0687888
-0.257148,0.0029673,0.1142194
-0.2380173,0.1227133,0.2113939
-0.1091582,0.264599,0.1998959
-0.0249,0.3173306,-0.1656847
0.1000898,0.202452,-0.3575337
0.1553888,0.1530806,0.0622051
0.2364867,0.1856714,0.0244582
0.255999,0.2228878,0.0781276
0.2312071,0.2624786,0.1494429
0.243452,0.3175531,0.1411173
0.3102959,0.3312867,0.0104837
0.3260388,0.1819469,0.0316643
0.249651,-0.0267092,0.0988643
0.2425316,-0.128398,0.1104041
0.1642612,-0.0753122,0.019598
0.0841071,0.0220224,-0.0091
0.0404337,0.086398,-0.14085
0.1383082,-0.0257102,-0.188752
0.3025224,-0.3358847,-0.4502929
0.1942704,-0.5478898,-0.0843724
0.0751071,-0.9244827,-0.1939582
-0.1995643,-1.4537245,0.1919163
-0.2017531,-1.013751,0.0749857
-0.2182469,-0.1183633,0.3129949
-0.3132837,0.2769306,0.4262714
-0.3279969,0.3671908,0.3771265
-0.4199173,0.1408918,0.3143714
-0.4824418,-0.0749245,0.1627745
-0.4316418,-0.0002592,0.0443224
-0.3946347,0.2224704,0.3142684
-0.3803745,0.3438418,0.2806102
-0.4338061,0.4203673,0.1465276
-0.4570673,0.3701439,0.0917224
-0.3645367,0.3079367,0.0706694
-0.2134827,0.3021224,0.0955929
-0.058349,0.2625684,-0.138751
0.1597367,0.0205908,0.0132765
0.23695,-0.1999622,0.2082745
0.0169041,-0.1953918,-0.1766571
-0.0810745,-0.0769071,-0.2895357
-0.0407041,0.0928153,-0.0113041
0.1471939,0.046748,-0.0709755
0.1927112,-0.0703622,-0.336699
0.0031908,-0.0757357,-0.3207551
-0.0775082,0.068098,-0.1280735
-0.0196653,0.1091041,-0.1948541
0.1403224,-0.0476041,0.2196541
0.4030378,-0.9923684,0.4713714
0.51215,-2.337951,0.0261408
0.166199,-0.8359449,-1.1773837
-0.3862847,0.5490827,1.1237867
-0.2037102,0.7071653,1.3507337
0.0089122,-0.0158459,0.729152
0.0948776,-0.6445429,0.1236347
0.0812949,-0.4774082,-0.2114959
-0.0108041,0.0102612,0.0372898
-0.0722082,0.222398,0.2090551
-0.2153235,0.2649531,0.1955776
-0.4544296,0.2259031,-0.1718633
-0.4009082,0.0837429,-0.1763888
-0.145302,0.0114765,0.0251776
-0.0440592,0.128348,-0.0802939
0.1556051,0.1365296,-0.0812194
0.2218806,0.26815,-0.0784367
0.3234153,0.2966531,-0.3139582
0.2884051,0.193352,0.0664888
0.2178143,0.2330571,0.4046806
0.1289592,0.378702,0.2690449
0.0632296,0.4376929,0.2048673
0.0683051,0.2581173,0.2306592
0.0612653,-0.0519816,0.1330582
-0.0757122,-0.0228888,0.1094847
-0.1462684,0.200101,0.1157286
-0.0839776,0.3278663,-0.0525173
-0.1031184,0.3809714,-0.235352
-0.0647857,0.2064,-0.2505235
0.0790776,-0.1310694,-0.2723133
0.1493051,-0.4662704,-0.0321
0.5541551,-1.2388153,-0.1073347
0.7274898,-2.2155184,-0.0454245
-0.1285643,-1.3586704,0.0822827
-0.0651418,-0.4754449,0.278548
-0.2439449,0.0107724,0.3807469
-0.4128031,0.1427245,0.3965306
-0.3925337,0.0512959,0.2947837
-0.2947153,0.011652,-0.0096673
-0.3626459,0.1223082,0.0218929
-0.53145,0.344699,0.335849
-0.589502,0.4970541,0.4448388
-0.5121571,0.4799735,0.1962633
-0.5301092,0.3596224,0.1684786
-0.6050663,0.2893469,0.1167235
-0.4927061,0.2335296,-0.0185745
-0.2186622,0.1690867,0.0413857
0.0800776,0.114902,-0.0833898
0.3280276,0.06065,-0.1453827
0.3633296,0.0480531,-0.2528235
0.2726959,0.0069571,-0.339549
0.1100959,-0.0061204,-0.1439051
-0.1262643,0.01195,0.0014653
-0.2297337,0.0159582,-0.077102
-0.0547327,-0.0416622,-0.1999173
0.2766714,-0.3055796,-0.8127878
0.3841827,-0.4603133,0.7856816
0.1863418,-0.8174776,1.1067163
0.5503847,-2.2601908,-1.3512837
0.0641133,-0.7164837,-0.0027531
-0.3592194,0.3603898,1.4508306
-0.3179255,0.5275796,0.9464204
-0.4161163,0.1850541,0.3900745
-0.2221643,-0.349502,0.1150663
0.0893102,-0.5609418,0.2261163
0.0709235,-0.2041102,0.2754449
-0.1847082,0.2533541,-1.1701133
-0.0110378,0.2078143,-0.502099
0.0737163,0.1020173,0.0747541
0.1156194,0.1183408,0.0487582
0.1691745,0.2138184,-0.0235541
0.181801,0.233499,-0.0752888
0.2198816,0.1732276,-0.1428867
0.2416122,0.2079276,-0.2677735
0.2421561,0.380748,-0.4173429
0.0619082,0.5342143,0.0140673
-0.1225735,0.34275,0.1439602
-0.0861561,-0.0021347,0.3661908
-0.1251929,-0.0290929,0.3257765
-0.167599,0.2464061,0.2817776
-0.1509663,0.4043031,0.1940765
-0.0534327,0.2801959,-0.2148949
-0.1359847,0.122449,0.0432929
-0.1382592,0.0894673,-0.2024612
0.0313582,-0.0670571,-0.133002
0.1730092,-0.4812276,-0.1729551
0.3579541,-1.2771582,-0.1515449
0.2635367,-2.2635959,-0.171152
-0.6381255,-1.5242173,-0.1526663
-0.77565,-0.4241061,0.3272337
-0.4742439,-0.0559704,0.474552
-0.1709245,-0.1566133,0.2268571
-0.026899,-0.234302,-0.0732663
-0.072149,-0.1658347,-0.1334673
-0.3528439,0.1017592,0.1347092
-0.6197531,0.3573663,0.3089061
-0.587898,0.4691694,0.1271918
-0.433649,0.4346255,0.0652449
-0.3375602,0.3660949,0.0798745
-0.4217388,0.3729204,0.0488133
-0.4523929,0.3565592,0.1056704
-0.2673143,0.2824357,0.1008531
0.0561041,0.1788367,-0.0014255
0.2907051,0.0721745,0.0223796
0.2394153,0.0580112,-0.001251
-0.0907163,0.0480582,-0.3829163
-0.2123429,-0.0102378,-0.2455612
-0.1750704,-0.0055673,0.1265041
0.0111367,0.0393684,0.0384
0.1583694,0.0590735,-0.2912337
0.2327796,-0.0171888,-0.3413224
0.266601,-0.0257929,0.0023439
0.0965908,0.0331633,0.4555112
0.1788245,-1.2856071,-1.0036245
-0.2221184,-2.2211898,0.5553245
-0.181999,-0.6950908,-1.2682531
-0.4628704,0.5322469,0.8886806
-0.1825969,0.5713204,1.1300541
0.0876969,-0.00415,0.7751949
0.1655673,-0.68865,-0.296301
-0.0459357,-0.5756673,-0.2706908
-0.2762663,-0.1056459,-0.2468551
-0.3434337,0.1709551,-0.4873276
-0.2276449,0.2215459,-0.0175316
-0.1755082,0.2504561,0.0135633
0.0226612,0.2136735,0.1841051
0.133001,0.2063143,0.1409235
0.1560061,0.1552429,0.0131122
0.1413949,0.0051959,-0.0604469
0.161301,-0.0559031,-0.6910214
0.0390245,0.1312031,-0.2629031
-0.0368582,0.3806082,-0.2439602
0.0244939,0.4452847,-0.1382184
0.1054184,0.3741806,0.2852643
0.1523714,0.2380082,0.2794724
0.0778633,0.2950571,0.1205337
0.020549,0.3781286,0.081999
-0.0355449,0.4150214,0.1439949
-0.0414071,0.3362929,0.1677714
0.0240959,0.0582786,-0.139649
0.1020837,-0.0242347,-0.204401
0.0949633,0.0432143,0.1287929
0.2764857,-0.2272265,-0.2012439
0.5277031,-0.7093082,-0.1522296
0.6759704,-1.4057806,-0.0154673
-0.2077959,-1.5254133,0.161448
-0.9328235,-0.7849643,0.3574939
-0.6217306,-0.1874888,0.5623276
-0.1450643,0.0061786,0.4241643
0.3327092,-0.1891367,0.1120643
0.4592031,-0.1907531,0.060098
0.0821857,-0.0924214,0.1048082
-0.5412214,0.1435316,0.0946449
-0.7359439,0.3382857,0.0367806
-0.7734531,0.3839571,-0.0729755
-0.7306837,0.3532765,-0.0595041
-0.6473622,0.3838878,-0.0962735
-0.5604633,0.4539194,-0.1437469
-0.5337929,0.4592449,-0.1253673
-0.4576939,0.2704163,-0.1815082
-0.3223571,0.0205908,-0.4356071
-0.1876276,-0.1147276,-0.9055602
0.0884051,-0.1636571,-1.034402
0.4002429,-0.2238429,-0.754002
0.3851245,-0.0590867,-0.4975082
0.1252694,0.1582071,-0.0451806
-0.0301684,0.3620878,0.435101
-0.0292316,0.4941867,0.5200357
0.0729122,0.4300184,0.0775367
0.2130571,-0.9312612,-2.9466582
0.4428786,-2.7001235,0.7843459
-0.2144367,-1.7064929,0.7129286
-0.2395582,0.2012122,0.544198
0.2059082,0.7632602,1.914052
-0.1323949,0.4163704,1.4440071
-0.3215602,-0.6307684,0.5044194
-0.2341122,-1.0162092,-0.0458633
-0.1978133,-0.5233061,-1.0934735
-0.1240684,-0.044849,-0.1074418
-0.3387531,0.340049,0.5866765
-0.4409541,0.3197724,-0.0230908
-0.2165163,0.1272816,0.0333898
-0.1189857,0.0752184,-0.0027449
-0.0831908,0.0477092,-0.4881622
0.036851,-0.0017357,-0.4803214
0.1541061,-0.0615051,-0.0820684
0.1316255,-0.0063949,-0.1122735
0.0615173,0.0622235,-0.0445531
0.0321776,0.1005582,0.0359867
0.0087347,0.0913704,0.1113837
0.0177602,-0.0060459,0.1322541
0.0458469,-0.0655459,0.0079776
0.050552,-0.0347459,-0.1693622
0.0689061,-0.0157163,-0.1433888
0.0807,-0.0431643,-0.0514061
0.0366561,-0.0433673,-0.0692571
0.0037418,-0.0027878,-0.0987306
0.0137888,0.0108449,-0.0475918
0.0256939,-0.0150949,0.009299
0.0689449,-0.0500847,5.82e-05
0.1715867,-0.1081347,-0.0135469
0.2784276,-0.1694041,0.0428214
0.3356969,-0.1617071,0.1070612
0.31995,-0.0680694,0.0561041
0.2908612,-0.0424143,-0.150102
0.265302,-0.1621143,-0.3701714
0.0756286,-0.1826255,-0.2226786
-0.0451,-0.1732827,0.1411908
-0.1380214,-0.1299153,0.4976245
-0.1687173,-0.1135684,0.8045112
-0.1648949,-0.1203612,0.9355776
-0.0832867,-0.116652,0.588151
0.0796378,-0.1226367,-0.1847398
0.0420245,-0.089098,0.0580398
0.041498,-0.0781878,0.3452561
-0.0240918,-0.0713071,0.2805367
-0.1473724,-0.0527724,0.2756592
-0.1616745,-0.114049,0.2982398
-0.1366653,-0.2306561,0.258399
-0.1428357,-0.3077582,0.1415878
-0.309752,-0.2197449,0.0598602
-0.4363755,-0.044452,0.0133867
-0.3904112,0.037198,-0.1104796
-0.3844745,0.0872265,-0.132651
-0.4242051,0.1811316,-0.0741204
-0.3978031,0.2449102,-0.0331112
-0.2984469,0.2843194,-0.0357122
-0.1693071,0.2818796,-0.0839827
-0.0300602,0.2500214,-0.1560684
0.128199,0.1770776,-0.2036612
0.3408551,0.0161122,-0.266701
0.57485,-0.0905184,-0.4680194
0.6485929,-0.0659112,-0.3439847
0.5466786,0.0799214,-0.0904786
0.3586816,0.1859704,0.0163847
0.2342,0.2640398,0.303552
0.0446694,0.1369653,0.9600561
-0.2463306,-0.4236745,0.8459755
-0.1353949,-0.8787653,-1.5282286
-0.3785337,-0.8125837,-1.1269806
-0.8869704,-0.1546847,0.5512867
-0.5971561,0.2589673,0.2408571
-0.4777041,0.270099,0.2327224
-0.4437541,-0.0132102,0.4217694
-0.2764327,-0.3094857,0.5810051
-0.1518449,-0.1432551,0.4460306
-0.1124531,0.0803061,0.1052714
0.1073194,0.1338184,-1.4076194
0.1721531,0.0118184,-0.41385
0.0790735,-0.0582061,0.0186235
-0.0177571,0.0107582,-0.4003255
-0.0447551,0.1139959,-0.2329357
-0.0764357,0.1050347,-0.123452
-0.031498,0.0636653,-0.1421724
0.0819908,0.0248684,-0.0388286
0.1172918,0.0454031,-0.0601122
0.1437816,0.1025316,-0.1829694
0.1495724,0.1319765,-0.2048398
0.1496408,0.1595255,-0.2135939
0.1245265,0.1788092,-0.2710367
-0.0408847,0.2009765,-0.1598327
-0.1308173,0.177349,-0.1211694
-0.1604704,0.1507929,0.0726561
-0.1848684,0.2131184,0.1780541
-0.1630265,0.3325837,0.0934112
-0.1284633,0.4478724,0.034699
-0.044048,0.4584265,0.1097724
0.0553816,0.3951316,0.1501949
0.1181837,0.2422602,-0.1750061
0.0294031,0.0395214,-0.2378173
0.0064622,-0.2164398,-0.2971837
-0.054752,-0.6125051,-0.0862286
0.0633765,-1.1590122,0.0862408
0.1967224,-1.956698,-0.2017837
0.0260041,-1.6000714,0.0705602
-0.3257663,-0.3332806,0.2963776
-0.4583418,0.2544214,0.5589102
-0.4329653,0.3150765,0.4134031
-0.4047653,-0.0582663,0.2524265
-0.4081796,-0.2045133,0.0695194
-0.3329061,0.0455051,-0.0225673
-0.401398,0.3440561,0.2799602
-0.458749,0.5045429,0.4316051
-0.4293918,0.5497041,0.3978347
-0.3919724,0.5087459,0.3187633
-0.3292173,0.4356531,0.091448
-0.2255776,0.3855418,-0.0877745
0.03825,0.2699031,-0.038152
0.2763316,0.1241582,-0.140098
0.380401,0.0559214,-0.0983214
0.290551,0.075502,0.034649
0.1537857,-0.0175327,-0.0947888
-0.0056694,-0.1947806,-0.2688071
-0.2963694,-0.1853265,-0.4119306
-0.3916939,-0.1439939,-0.6374082
0.0488867,-0.2694571,-0.8715337
0.0446,-0.2149439,0.977952
-0.0454571,-0.3224531,1.2072673
0.1752745,-1.7180378,0.2237245
0.3927347,-1.7213388,-1.8695082
-0.1891184,0.1672816,0.6588541
-0.1449806,0.3789429,0.8811184
-0.17325,0.223401,0.334599
-0.0873684,-0.0948469,0.0678041
-0.0376735,-0.2569561,-0.1996327
-0.0685469,-0.0598898,-0.1095571
-0.208751,0.153601,0.0641796
-0.3121929,0.1649929,-0.0669327
-0.4994092,0.0894796,-1.1686245
-0.1832898,-0.0212959,0.0827908
-0.1105908,0.1882327,0.1154765
0.0047878,0.268301,-0.117498
0.1703327,0.1698694,-0.3414918
0.2965653,0.0469061,-0.5085531
0.223448,0.1468408,-0.2597388
0.1453061,0.2655633,-0.289099
-0.0351245,0.3155867,-0.0232173
-0.1268316,0.3493408,0.1926255
-0.1211071,0.4024673,0.2038388
-0.1052776,0.3755,0.2054112
-0.0701418,0.1968602,0.1992347
-0.1296745,0.1282714,0.1660316
-0.1406867,0.1431959,-0.1196429
0.0109847,0.0557429,-0.6103449
0.0588806,-0.0362551,-0.006548
0.1996531,-0.3021,-0.2403653
0.4251867,-1.1305286,-0.1147184
0.4574306,-2.2240827,-0.4869592
-0.4109296,-1.6053459,-0.1326939
-0.7633857,-0.2854561,0.2799388
-0.5916612,0.2536214,0.3820276
-0.1534582,0.1609459,0.0740704
0.1143561,-0.0203255,-0.0352602
0.0625867,0.0203949,-0.059752
-0.2744337,0.1802163,0.0437418
-0.584248,0.3515592,0.4176398
-0.6473776,0.4727245,0.3172194
-0.601298,0.4379786,0.1034082
-0.636401,0.3413194,0.0512133
-0.692298,0.3133031,0.0839806
-0.6240561,0.357198,0.1735082
-0.3813204,0.2809133,0.3127143
-0.1060643,0.0921133,-0.0237071
0.2090245,-0.031752,-0.148101
0.283001,0.0602388,0.0956255
0.0875898,0.1113184,0.074548
-0.0219622,-0.1195939,0.1228745
-0.1237235,-0.160001,-0.1067745
-0.0590122,0.0270408,-0.6378694
0.0722092,0.1243459,-1.0181673
0.0687939,-0.1429367,-0.8957673
-0.1520235,-0.4570286,0.6811571
-0.3062745,-0.8303847,0.8955265
-0.0925724,-1.9127173,-0.5770173
0.7414602,-1.1627296,-1.9814439
-0.4614388,0.5610704,1.0680888
-0.4086561,0.5618071,1.2640296
-0.2391378,-0.0482776,0.5117031
0.1080673,-0.7876408,-0.1277337
0.1218878,-0.5464469,-0.2650296
-0.1645551,0.0157163,-0.5177388
-0.2307929,0.2750041,-0.4074582
-0.2256031,0.2602724,-0.1484306
-0.1924408,0.0875816,-0.119301
-0.088552,0.0494255,0.0474653
-0.011851,0.1930663,0.074501
0.0226255,0.3089092,0.0054092
0.1118847,0.2462133,-0.2452857
0.2186541,0.0941724,-0.5425133
0.1004816,0.129848,-0.0110602
0.0281908,0.2998602,-0.0804408
-0.0248418,0.4276235,0.0124622
-0.0350612,0.4678724,0.0039796
-0.0033541,0.3347224,0.082552
-0.0178796,0.1967827,0.2662153
0.0443694,0.0796704,0.252752
0.0761622,0.1040469,0.1076163
0.0716776,0.1409031,-0.1752418
0.1431194,0.0597398,-0.7072163
0.079502,-0.0100347,-0.3478673
0.0552153,-0.1062133,-0.5332888
0.1281143,-0.6177867,-0.0788827
0.4951224,-1.7266622,-0.225198
0.2625745,-2.047402,-0.1597357
-0.2494704,-0.8067673,0.2279612
-0.3271459,-0.0263265,0.398701
-0.397449,0.2341765,0.415849
-0.4222092,0.0651633,0.4143827
-0.43995,-0.069701,0.2721041
-0.3135847,0.0880092,0.069748
-0.4380286,0.3509459,0.2346214
-0.5094827,0.4966694,0.4380398
-0.5019173,0.5151082,0.4342541
-0.4533582,0.4132316,0.4627796
-0.3918163,0.309449,0.4321929
-0.3146776,0.2541469,0.3110633
-0.2033061,0.1826827,0.1869306
-0.1128541,0.0990337,-0.0288837
-0.1110704,0.0170571,-0.4368704
0.0795408,-0.1990796,-0.8977327
0.3244541,-0.3269622,-0.912302
0.1404173,-0.215001,-0.7271122
-0.2371286,0.0445429,-0.3967582
-0.3450408,0.3887102,-0.05965
-0.3206959,0.6363173,0.5415898
-0.0113102,0.4198602,0.7895704
0.2384112,-0.1595908,0.6100776
0.3792633,-1.6079765,-1.9368418
0.3216071,-2.829602,0.9162173
0.0747265,-0.6959041,-1.2159102
-0.1127724,0.5196255,1.1502939
-0.1060327,0.8034796,0.9049898
0.0004878,-0.0161071,0.3224633
0.0430837,-0.7524918,-0.27075
-0.2597704,-0.5203867,-1.5828418
-0.1091061,-0.1281204,-0.4574847
-0.1946898,0.2697469,-0.4669714
-0.2616704,0.2794939,-0.5808255
-0.1820908,0.1013949,-0.2661398
-0.2084827,0.1026459,-0.1975653
-0.1587337,0.2060357,-0.2892633
-0.0879082,0.2047878,-0.2322684
0.0673408,-0.0236776,-0.6282602
0.2202367,-0.1392592,-0.9311449
0.0671327,0.1219827,-0.0838112
-0.0256531,0.393852,-0.3682122
-0.0821898,0.5656592,-0.4035755
-0.0099061,0.4966173,-0.1928031
0.0643265,0.2914245,-0.0431786
0.1033592,0.1639745,0.0337061
0.1370163,0.2625061,0.0766735
0.1893755,0.4280031,-0.4561592
0.0252949,0.3820184,-0.4598939
-0.0501214,0.0952224,-0.2840306
-0.0474214,-0.1743061,-0.5612643
0.1108449,-0.2923439,-0.2715827
0.5093143,-0.8226122,-0.283848
0.8995653,-2.2483306,0.0110898
0.0457755,-1.9571837,-0.4470918
-0.1006143,-0.6447327,0.1385724
-0.2268398,0.0879184,0.1478102
-0.3839673,0.1599551,0.1732388
-0.43275,0.0384735,0.0097694
-0.3027071,0.0390714,-0.3257122
-0.3698265,0.1404571,-0.1250898
-0.5853571,0.3246398,0.2465143
-0.639652,0.4775571,0.1311643
-0.623198,0.44935,0.0215582
-0.6675806,0.3739796,0.2042878
-0.6923663,0.3741133,0.2416633
-0.6078653,0.3907163,0.1144469
-0.4259837,0.3483429,-0.0536908
-0.0733929,0.1503469,-0.0445592
0.3968347,0.0337398,0.0056102
0.5672806,0.102048,0.1360867
0.4618163,0.184699,-0.170202
0.3194776,0.1008867,-0.2184918
-0.0534796,0.0426214,-0.3515857
-0.2883857,0.0304408,-0.4543939
-0.1588714,0.0863051,-0.1381969
0.094799,-0.1051622,-0.6911643
0.1723755,-0.4785082,0.2142745
0.0728643,-1.0120602,0.9302592
-0.2682908,-2.2414439,0.8896459
0.4433755,-1.2992327,-0.6723908
0.1210561,0.4021439,0.487849
-0.0753571,0.6898214,1.2554327
-0.0283745,0.2589582,0.5004531
0.0418,-0.4534122,0.0284929
-0.0906031,-0.6326265,-0.0582449
-0.2718582,-0.2053224,-0.0442204
-0.4964276,0.1813,-0.7904796
-0.2788847,0.1929459,0.214698
-0.3021429,0.1881827,0.0509735
-0.1353143,0.0792102,0.2029276
0.0198388,0.0800745,0.2497112
0.0454969,0.1655673,0.0869439
0.1058724,0.1489694,-0.2728327
0.1358786,0.0591786,-0.1870867
0.0685367,0.1054347,0.0384429
0.0411214,0.1375082,0.0273643
-0.0380796,0.1545541,0.0661837
-0.0928327,0.1839796,0.0801469
-0.1395265,0.3180755,-0.1211684
-0.1457163,0.4534612,-0.3376918
-0.2329092,0.5044286,0.0209194
-0.1684776,0.4601102,0.0062418
0.0180112,0.3192561,-0.1674255
0.0683867,0.1288898,0.039048
0.1255204,-0.033602,-0.1326235
0.1073102,-0.1974,-0.0596041
0.0512143,-0.4412622,-0.0917959
0.2334898,-1.0789051,-0.1841112
0.5623082,-2.4653296,0.0495888
0.1228582,-1.7185082,0.0466531
-0.2114327,-0.3342592,0.1085041
-0.5183653,0.3078408,0.3407633
-0.5368816,0.447552,0.3229133
-0.4185755,0.0416286,0.3280918
-0.2063276,-0.2733347,-0.0804398
-0.2069204,-0.1272602,-0.1026235
-0.3804122,0.2462816,0.3009929
-0.4521929,0.4230286,0.4080224
-0.4604592,0.3116806,0.1540296
-0.516598,0.1777367,0.0797092
-0.5249418,0.1565357,0.1122408
-0.4864112,0.2287337,0.0759724
-0.3525469,0.277852,0.0436653
-0.1938439,0.2822694,-0.0818194
0.0395806,0.2197082,-0.1722684
0.1948724,0.1464235,-0.0497
0.1089918,0.1752643,0.040252
-0.0409245,0.1265173,0.0665398
-0.1570041,-0.013951,0.0508531
-0.1952827,-0.0445429,-0.0020755
-0.0412337,0.0502878,-0.128999
0.1426735,0.0871173,-0.1425898
0.2808622,0.0176316,-0.1608847
0.320349,0.0101582,-0.1756143
0.3588255,0.0236735,-0.0557714
0.1686939,0.037701,0.8985367
0.022798,-0.3996531,0.7785643
0.3931806,-2.4790408,-2.3635633
0.0348612,-1.8687245,0.3217837
-0.3270694,0.1160276,0.1956541
-0.3574071,0.5609898,0.6327918
-0.2346398,0.5365194,0.7154214
-0.1165,-0.0557469,0.4211367
-0.0614643,-0.5150714,0.3338316
-0.148,-0.3039806,0.4435449
-0.1886306,0.0702888,0.348652
-0.2630429,0.1999235,0.1372633
-0.2242153,0.221602,0.0453367
-0.1195684,0.2399031,-0.0193888
0.2670408,0.0887469,-1.0199224
0.2685816,0.0193653,-0.1728806
0.3670949,-0.0213255,-0.0976194
0.1806796,3.78e-05,-0.1054602
-0.0150235,-0.1673827,-0.1131918
0.0070235,0.1582214,-0.0276684
0.0566908,0.4270449,-0.1336051
0.1206153,0.5208714,-0.1131755
0.2685184,0.5494224,0.0508735
0.3580214,0.4580745,0.1462112
0.3579031,0.2974755,0.1465
0.1504408,0.2173582,0.2171622
-0.142151,0.3251867,0.2092714
-0.2522041,0.3542867,0.1607051
-0.3054806,-0.2518143,-0.7140949
-0.4331776,0.025451,-0.2225347
-0.3440837,0.109402,-0.1057235
0.150001,-0.2962163,-0.015448
0.5753745,-1.0257765,-0.2795888
0.7650122,-2.2682306,-0.0326235
-0.3844245,-2.1203378,-0.1719388
-0.5529469,-0.6631622,0.2899041
-0.1307316,-0.1381418,0.4849653
0.0212878,0.0661357,0.0743173
0.0113857,0.1638949,0.1668724
-0.2719265,0.233599,0.0788082
-0.4865357,0.2661429,-0.1238724
-0.4627561,0.321402,0.092348
-0.3585347,0.3200153,0.3690092
-0.2329765,0.4090184,0.5270908
-0.2140857,0.6000388,0.407698
-0.403298,0.6585235,0.2315133
-0.5666694,0.5563122,0.015849
-0.436751,0.3186439,-0.0442735
-0.1830398,0.0291837,-0.0474173
0.0053245,-0.3542459,0.0522633
0.14545,-0.6636857,-0.3773143
0.3353551,-0.6875224,-0.8188122
0.3811857,-0.3865827,-0.6861133
0.190698,0.0427663,-0.1891796
-0.0772082,0.567352,0.1820898
-0.3432724,0.0422847,-0.3957296
-0.4784367,-0.2115704,-0.1260347
-0.0986765,-0.0061347,-0.1470571
-0.0175224,0.037952,-0.3512286
-0.0416173,-0.0805153,-0.1881653
0.1030908,-0.1018235,0.1628296
0.2114704,-0.0823092,0.2145592
0.2666337,-0.0258286,0.1733765
0.3479592,-0.0579806,0.2820398
0.2066235,-0.0863918,0.2406735
0.0791347,-0.0514204,0.1627153
-0.1199622,0.012499,-0.0617745
-0.1214633,0.1008531,-0.263048
-0.0263745,0.0008806,-0.3611
0.0853378,0.0072082,-0.1544755
0.3336592,0.0280459,0.1310551
0.335501,0.0159276,0.2503408
0.2031867,0.0021582,0.244202
-0.1047735,0.0277959,0.0102418
-0.35435,0.0299959,-0.3209031
-0.3617969,0.0323847,-0.225801
-0.3630796,0.0435306,-0.1194296
-0.2897612,0.0161561,0.0802102
-0.216098,-0.0150092,0.073699
-0.1255663,-0.1014582,-0.0709041
-0.0550357,-0.0534102,-0.2822439
-0.0768663,-0.0511755,-0.1594143
-0.0412847,-0.0834306,0.0038888
0.0850908,-0.1375398,-0.0015133
0.0968337,-0.209352,-0.085099
-0.2365082,-0.300848,0.0617367
-0.4995327,-0.228399,0.3560765
-0.4119122,-0.0928347,0.2642684
0.0155847,-0.2191714,-0.0697306
0.2022071,-0.4250214,0.0369286
0.1920367,-0.3265337,0.6819765
0.202499,-0.4646755,0.1950429
0.4931663,-0.5127582,-0.2535429
0.6974786,-0.0777469,-0.1965867
0.5499143,0.3334653,-0.2441867
-0.0518184,0.3161939,-0.0886643
-0.4303939,0.2700235,-0.1727898
-0.4730949,0.4141286,-0.4386051
0.0192796,0.1023949,0.0571673
0.3528337,-0.5596245,0.0203122
0.0705714,-0.7632663,0.0794357
-0.1030755,-0.5742398,-0.2503276
-0.356652,-0.35985,-0.7864204
-0.5325847,-0.0899245,-0.9615112
-0.4581286,0.1844908,-0.6824265
-0.3309316,0.3573888,-0.0947327
-0.4620684,0.4091531,0.7728796
-0.2751571,0.1905398,0.7610571
0.8807245,0.0803765,0.4909265
1.4855847,-0.039052,0.7938265
1.1713551,-0.2105173,0.7675133
0.7182408,-0.1571102,0.5215235
0.1814449,-0.0729745,0.4276102
-0.3298337,-0.0833204,0.1628459
-0.4393847,-0.063552,0.092252
-0.260651,0.1181755,0.2759092
-0.0274612,0.1836429,0.3086214
0.133651,0.1248786,0.2266929
0.2920633,-0.0282704,0.2860939
0.355801,0.0107714,0.2815245
0.1886408,0.0143867,0.2511459
-0.0446112,-0.1041327,0.1214194
-0.2034908,-0.1531306,-0.1119704
-0.2809765,-0.2129051,-0.3274949
-0.3528337,-0.2302643,-0.3965939
-0.3679806,-0.2503541,-0.4406316
-0.3294449,-0.1969255,-0.5280398
-0.3253949,-0.3375633,-0.5576673
-0.322198,-0.4016092,-0.5283714
-0.2696214,-0.4501418,-0.5634796
-0.1883643,-0.3695082,-0.4869061
0.7720908,-0.594601,1.4004398
0.0727092,-0.6949612,0.7154133
-0.1101327,-0.4317929,-0.2265255
0.1710214,0.0304439,-0.0623133
0.25875,0.3204857,-0.1674806
-0.0591673,0.0342898,-0.6170541
0.0737296,0.0685122,-0.8251806
0.358602,-0.0026449,-0.6077286
0.4138459,-0.0222184,-0.035201
0.1784439,-0.0556102,0.2873571
-0.2554745,0.1534,0.2973204
-0.3586327,0.2613265,0.2264918
-0.0607724,0.1660061,0.0401765
0.1847531,0.0272204,-0.1497122
0.2276714,-0.0631633,-0.1376847
0.1731255,-0.1074827,-0.0160847
0.0598663,-0.034552,0.1048122
-0.0669408,0.0491429,0.2018673
-0.0204908,0.0419173,0.1107265
0.0221194,0.023102,0.0059745
-0.0352908,0.0344673,0.0030265
-0.0860133,0.0557561,0.0425684
-0.1169133,0.0681153,0.0573969
-0.1403133,0.0855265,0.0949347
-0.1069102,0.127501,0.0527857
-0.1713337,0.08705,-0.2532092
-0.1676357,0.1294663,-0.2962367
-0.1556408,0.0555347,-0.0980592
-0.0953235,0.0651929,0.0664816
-0.113299,0.0658745,0.0966673
-0.0904602,0.0677,0.0549857
-0.0522184,0.0694306,-0.0010684
-0.0299265,0.0410235,-0.028351
-0.0094265,0.0146061,-0.0135847
-0.0128398,0.0021429,0.0058071
-0.0233143,-0.0001265,-0.0325571
-0.0349122,9.8e-05,-0.0084061
-0.02055,0.0023214,0.0339286
0.0125663,0.0036969,0.0244265
0.0142541,-0.0027041,0.0150296
0.0256041,-0.0186867,-0.001798
0.0181378,-0.0289622,0.0456816
0.0153398,-0.0290031,0.0980061
0.0228031,-0.0189194,0.0810867
0.0342235,-0.0237898,0.0302316
0.0280061,-0.0373459,-0.0284643
0.0052092,0.0564908,-0.1168969
-0.0599449,0.0088337,-0.2134847
-0.0450918,-0.0007469,-0.1528816
-0.0395561,-0.00515,-0.012802
-0.056649,0.004149,0.1652
-0.0344306,-0.0120929,0.1352551
0.0030582,-0.0077429,0.0318582
0.0087102,0.0082847,0.0304051
0.0247031,0.0217378,0.0331082
-0.0021857,0.0386939,0.0018224
-0.0241449,0.0544398,-0.0438929
-0.0331398,0.0294592,-0.0519173
-0.0204571,0.0064276,0.0048316
0.0008704,-0.0065827,0.0069551
0.0415612,-0.0830082,0.0344041
0.0263082,-0.0617133,0.0713255
-0.0123612,0.0060571,0.0430541
-0.0324786,0.0291827,0.0171541
-0.0303224,0.0255776,-0.0095367
0.0044551,0.0195806,0.0024214
0.0146449,-0.0001398,0.0527582
0.0148704,-0.0078133,0.081551
0.0172908,0.0010439,0.0630337
0.0105316,0.0231796,0.0254071
-0.004101,0.0286286,0.0013306
0.0094214,0.0115418,0.0116633
0.0027806,0.0030051,0.0035408
0.0195449,0.0023908,-0.036498
0.0010143,0.0091357,-0.0328786
-0.0121847,0.0115092,-0.0353143
-0.0101102,0.0109561,-0.0058184
-0.0024265,-0.006002,0.0307388
0.0089837,-0.0168531,-0.0002673
0.0011255,0.0016082,0.0386653
-0.0131745,0.0087173,0.0077837
-0.0112867,0.0086122,-0.0396776
-0.0110847,0.0148929,-0.0198439
-0.0192827,0.0136735,-0.0052724
-0.019898,0.0013888,0.042548
-0.0072051,-0.0104857,0.0340041
-0.0088367,-0.005852,-0.0020857
0.012052,-0.0076643,0.0099306
0.0006224,0.0080837,0.025699
-0.0124041,0.0011122,-0.1714092
-0.065398,0.0498122,-0.246548
0.0338245,0.0078418,0.3207357
-0.0842265,-0.0453429,0.2608388
