accx,accy,accz
-0.0079827,-0.0096582,-0.0004133
-0.0054255,-0.0009296,0.0958122
0.0152786,-0.0219867,0.0645857
-0.0027571,-0.0058429,0.0235265
-0.0522776,0.0298765,0.0322224
-0.0301857,0.0397,0.0469255
0.0135398,0.0111949,0.0332959
-0.0018531,-0.0188714,0.0498755
0.0027092,0.0416306,-0.0074316
0.0016776,0.0496092,-0.0875561
0.0252857,0.0269857,-0.1396857
0.0530837,-0.0888,-0.1608602
0.0252643,-0.1341888,-0.0448765
0.1017918,-0.0198296,-0.0122439
0.090349,0.012198,-0.0955398
0.024501,-0.0465214,-0.1215541
-0.0319204,-0.0901531,0.0100316
0.077549,-0.0397255,0.0236408
0.0736704,0.0824163,0.0427592
0.0563653,0.1417439,-0.0790541
0.1926224,0.0791959,-0.3058255
0.0648347,-0.0947459,-0.0759796
-0.3114327,-0.0620786,0.0481878
-0.3817837,0.0615296,0.1722918
0.025551,-0.0951714,-0.1064622
0.2598112,-0.0911082,-0.1385827
0.283901,-0.132752,-0.079748
-0.1263245,-0.0368673,-0.0304306
-0.425851,-0.078001,-0.0562704
-0.3707122,-0.1120571,-0.0727173
-0.3108694,-0.0962092,-0.0074612
-0.1563143,-0.0570612,-0.1029633
-0.3540571,-0.0496816,-0.1753439
-0.4334418,-0.0535143,-0.1715939
-0.2468163,-0.050049,-0.0792816
-0.0852429,-0.045448,0.0247214
-0.0428367,-0.0278031,0.1426224
-0.1082112,-0.0169163,-0.0265306
-0.1134163,-0.0407684,-0.1491765
0.1619592,-0.0387194,0.0269918
0.3715694,0.034251,0.2872765
0.2693184,0.0566765,0.1827245
0.1306724,0.0219786,0.0636684
0.2056459,-0.0330653,0.1045939
0.3661867,-0.0216041,0.2209602
0.4723867,-0.0116153,0.132148
0.5285857,-0.0100082,-0.0577531
0.3996765,-0.0245602,-0.0114459
0.2467561,-0.037251,0.1566265
0.276998,-0.0195663,0.1842776
0.3637908,0.0103398,-0.0936092
0.3298092,0.0212561,-0.3059398
0.300152,0.0203327,-0.1267122
0.2128245,-0.0106816,-0.0575449
0.1915031,-0.0157449,-0.231398
0.0701612,-0.0163388,-0.3680347
-0.0675255,-0.0290837,-0.4835092
0.1374918,-0.089498,0.1542878
0.0882459,-0.034502,-0.0069112
-0.0643806,-0.0161735,-0.1292357
-0.2275173,-0.0650327,-0.0672194
-0.4014133,-0.087152,-0.3109939
-0.0009255,-0.0205643,-0.2597663
0.5066306,-0.0101041,0.2145112
0.5041092,-0.0241796,0.3680806
0.3286898,-0.0582398,0.2314061
0.2338306,-0.0778694,-0.0593337
0.3322653,-0.0551224,-0.0198367
0.3405378,-0.0834061,0.1016051
0.2930735,-0.0458245,0.1351398
0.0149857,0.0105,0.1067092
-0.2639704,0.0342306,0.1799898
-0.408148,0.0874051,0.0939276
-0.6281082,0.0887918,0.1595653
-0.5439378,0.04595,0.4280531
-0.2241612,0.0871582,0.4720173
-0.0719133,0.13315,0.3991551
-0.170148,0.1284071,0.1806673
-0.2957143,0.1293071,-0.1426561
-0.7469827,0.1688561,-0.4157184
-0.6436755,0.1190031,-0.4369276
-0.559598,0.1402265,-0.3851612
-0.4166449,-0.2137224,-0.409002
0.1655918,-0.5075969,0.0507041
0.7669786,-0.5257306,1.1232561
0.4955051,-0.2452408,1.6913837
0.0629041,0.0154133,1.2283541
0.0317531,0.0302643,0.5631816
0.0268255,0.0810867,0.1145714
0.03085,0.016701,-0.0949969
-0.0503551,-0.0550745,-0.1716153
-0.1404388,-0.0133173,-0.2902827
0.0155031,0.1913827,-0.1944633
0.1792694,-0.0005571,-0.4669102
0.3418214,-0.0897306,-0.1806122
0.0679398,0.2413439,0.0935796
0.0464786,0.1454449,0.1239806
0.1802745,-0.0397684,0.1480847
-0.1242704,0.3099347,0.2576378
-0.2489622,0.4311388,0.2928429
-0.2800714,0.4137827,0.1799837
-0.2365235,0.2453959,0.2496092
-0.0589388,-0.023399,0.1487286
0.0501969,-0.4629214,0.1538796
-0.005049,-0.7809531,0.0973265
-0.0955643,-0.889799,0.1584245
0.0079245,-0.7799061,0.2212235
0.1569388,-0.4891163,0.1182071
0.0680276,-0.0784112,0.0586561
-0.0296224,0.18735,0.0836214
-0.0491133,0.2452704,0.0830122
0.0450204,0.1556224,-0.1313
0.215499,0.0533276,-0.4825418
0.3676337,-0.0972898,-0.6335571
0.0837071,-0.1783551,-0.234101
-0.0988184,-0.1588531,0.1228755
-0.1223388,-0.1910357,0.4962163
-0.0170847,-0.1517867,0.6543071
0.1706,-0.1386173,0.4765622
0.2873755,-0.1105888,-0.1050449
0.3406286,-0.0680929,-0.4998092
-0.0419633,0.0546327,-0.0607878
-0.3281439,0.1455071,0.3258286
-0.3989378,0.1765704,0.3966816
-0.4069622,0.1855592,0.2242531
-0.3733612,0.2019122,0.0610857
-0.3354827,0.2381622,0.0110531
-0.3003776,0.2823143,0.0897061
-0.2304622,0.2821306,0.1805827
-0.1463327,0.2335969,0.2012163
-0.0422765,0.1711459,0.1485224
0.052799,0.1314092,0.0691602
0.0858388,0.1232633,-0.0065765
0.0556459,0.1116531,-0.0206684
0.0164306,0.0992582,0.0036592
-0.0018929,0.0439255,-0.013052
0.0023765,-0.0356673,-0.0425173
0.0067296,-0.052449,-0.0528051
-0.008499,0.0120306,-0.0047031
0.0246459,0.0048306,0.0186939
0.0848153,-0.0840316,0.0166031
0.1008214,-0.1617459,0.0236714
0.0969694,-0.2697133,0.0865276
0.0676296,-0.3717959,0.1599878
0.0274184,-0.4540306,0.1035796
0.0411755,-0.4792714,-0.0609847
-0.0045612,-0.2664765,-0.137
-0.152302,-0.0453714,-0.1313786
-0.2132327,0.0200245,-0.0075765
-0.1346316,-0.0051959,0.0951633
-0.0388337,0.011348,0.1110653
-0.0029949,0.0556551,0.1283704
-0.0057316,-0.0227776,0.1562653
0.032351,-0.1503796,0.1598061
0.1088776,-0.2028316,0.0768969
0.1687663,-0.1498245,0.0012673
0.1473735,-0.0185163,0.0086806
0.0890867,0.0720786,0.0499
0.0356357,0.1372684,0.0360735
0.0103276,0.1973398,-0.0008235
0.00665,0.2212296,-0.0192827
0.0556643,0.0218429,-0.0408969
0.0700704,-0.1447316,-0.0636663
0.0904633,-0.1394469,-0.1213735
0.1176255,0.0059908,-0.1306459
0.1284786,0.1875816,-0.1593092
0.1459837,0.3872316,-0.4576173
0.2220255,0.42515,-0.5867592
0.0810429,0.3825724,0.0429173
-0.0626276,0.3564531,0.2613061
-0.1450378,0.3091265,0.342801
-0.1275082,0.1527694,0.3844184
-0.0721224,0.0371704,0.3452643
-0.0578439,-0.0682439,0.2255888
-0.0526796,-0.1143388,0.1255041
0.0372296,0.0203551,-0.068301
0.1670888,0.0287051,-0.093948
0.1834959,-0.2501663,0.0702969
0.1379643,-0.5696949,0.0335765
0.2142051,-0.9553694,0.0389296
0.2656082,-0.8876765,0.1263673
0.1325602,-0.3019357,-0.7265388
-0.1987122,-0.0114796,-0.2561939
-0.314949,0.0429786,0.1108929
-0.3684643,0.0436449,-0.0003459
-0.1586592,-0.0901112,-0.1294286
0.172349,-0.087802,-0.1371898
0.2755806,0.0304133,-0.0535327
-0.0510867,0.1975582,-0.1523816
-0.2924061,0.1995367,-0.1082622
-0.3563347,0.0532541,-0.0704837
-0.3281306,-0.018898,-0.0817867
-0.1125724,0.0938908,-0.0706551
0.0778663,0.1340347,-0.0491133
0.1065959,0.1474735,-0.0193571
0.0435316,0.2441296,0.1158082
-0.011049,0.3166184,0.1759347
0.0052827,0.3241082,0.1939276
0.0884459,0.2624449,0.177602
0.2587929,0.1183469,0.0624469
0.3750684,0.0338571,-0.1456143
0.3947316,0.1315673,-0.1464439
0.3436663,0.3025378,0.0573816
0.2830531,0.4160061,0.1845418
0.2246673,0.3669765,0.0872041
0.1189847,0.2002265,-0.2100051
0.0430643,-0.0140643,-0.3131204
-0.0254214,-0.1608296,-0.1127031
-0.0646357,-0.2131163,0.1057429
-0.076952,-0.1836816,0.2087633
-0.1081255,-0.086198,0.1735378
-0.090602,-0.0721429,0.076649
0.0494888,-0.277151,0.0720735
0.1900082,-0.5917837,0.0423306
0.2419276,-0.7092429,0.038198
0.2363163,-0.368198,0.0808714
0.1715449,-0.1071735,0.0742367
0.2450327,-0.3422184,-0.0628194
0.0721684,-0.2860143,-0.1515112
-0.0673224,-0.0275867,-0.0276388
-0.0895827,0.1560408,0.0615286
-0.0803929,0.2537429,0.0728224
-0.0153551,0.2612571,0.0947929
0.0396908,0.1479367,0.1777031
-0.0049837,-0.1335061,0.2009969
-0.0715653,-0.3799235,0.1829133
-0.0846765,-0.407251,0.1902918
-0.0662418,-0.1267163,0.1969061
-0.047652,0.1516061,0.1661714
-0.0375153,0.3312041,0.1161959
-0.012051,0.4153949,0.0452235
0.0238806,0.3320306,0.004998
0.0325265,0.0498755,-0.0175378
0.0297786,-0.1735704,-0.0098602
0.0396061,-0.1041327,0.0828357
0.0429133,0.2014969,0.186799
0.0673765,0.3915898,-0.085048
0.4086816,0.3858633,-2.1664286
0.0805378,0.2348796,-0.3590071
-0.0116,0.1554102,-0.0367357
-0.033002,0.2255653,0.3126633
-0.0324765,0.3185898,0.1420469
-0.1403449,0.3330061,0.1135724
-0.1418367,0.2012929,0.1874551
-0.0773296,0.096349,0.2669194
0.0140786,-0.0995541,0.2718276
0.1155541,-0.5037745,0.2169469
0.2554112,-0.9574776,-0.2292653
0.3162643,-1.0477602,-0.5354184
0.3781143,-0.6716173,-0.6810837
0.274249,-0.3436867,-0.2636663
0.1502776,-0.2813357,0.4181531
-0.0611194,-0.3935592,0.0853173
-0.1482204,-0.3301969,-0.7433092
0.011652,-0.0889612,-0.4542418
0.0741388,0.0857929,-0.1857551
-0.0294286,0.1818776,-0.2106224
-0.182798,0.2172847,-0.1872276
-0.2555929,0.271798,-0.098949
-0.2798204,0.2858878,-0.0206531
-0.3170184,0.2015449,-0.0304704
-0.335948,0.1145867,-0.0606204
-0.2879745,0.1204918,0.0084694
-0.2368102,0.2174082,0.08275
-0.2052673,0.3148184,0.1302265
-0.1480571,0.3578235,0.1583367
-0.0685633,0.3470969,0.1777929
0.0052541,0.2611684,0.1192214
0.2138429,0.0650378,0.0255969
0.4359337,-0.0829347,0.0891704
0.5348255,-0.0529469,0.0632235
0.5351551,0.0283714,-0.0801745
0.3983276,0.1200388,-0.0277949
0.3263245,0.1874918,-0.0486776
0.2430092,0.2245704,-0.2581551
0.0763459,0.2075592,-0.4183214
-0.1068153,0.1697827,-0.226799
-0.1897806,0.0360071,0.0627541
-0.1696265,-0.1738969,0.2213153
-0.1455551,-0.3241673,0.1708276
-0.1060694,-0.4856245,0.0437714
-0.0483133,-0.6707837,-0.1349898
-0.0642133,-0.6836388,-0.1248551
-0.0556316,-0.5511663,-0.0124398
-0.1065071,-0.1909449,0.0440102
-0.1139041,-0.0326398,0.0364592
-0.0806592,0.0076541,0.0670388
-0.1066276,0.1436531,0.0047031
-0.0994,0.267348,-0.0162786
-0.0467612,0.1755561,0.0052602
-0.0421214,-0.1512663,0.0444082
-0.0677031,-0.4202449,0.1376214
-0.0650143,-0.352498,0.2644143
-0.0859265,-0.0101255,0.2199827
-0.0722122,0.2224204,0.1502265
-0.0708082,0.3462663,0.0965429
-0.0757133,0.3165276,0.0533694
-0.0862867,0.1001561,0.0443153
-0.0663582,-0.0540714,0.0810296
-0.0197102,-0.0440439,0.1287602
-0.019452,0.1097082,0.0967265
-0.0332122,0.2478061,0.035452
-0.0226112,0.302198,-0.0949286
0.133401,0.193148,-0.8957173
0.2126918,0.0555255,-0.7584378
0.118151,0.1077714,0.0666684
0.0757122,0.276201,0.1578418
-0.0107439,0.4056143,0.0675031
-0.105152,0.393148,0.0555888
-0.1553184,0.1654255,0.0770204
-0.1186204,-0.0596143,0.1578714
0.0084204,-0.2183918,0.3254071
0.184198,-0.4106071,0.2166684
0.3153908,-0.6090112,-0.1512724
0.3418439,-0.7333255,-0.452648
0.2396704,-0.6190663,-0.3156592
0.1493582,-0.3277878,0.3484714
0.0867582,-0.1202592,0.5040714
-0.0565265,-0.1209092,-0.2330286
-0.1118337,-0.2740398,-0.5810888
-0.1792112,-0.2016224,-0.1065296
-0.2261122,-0.0234276,-0.065399
-0.2220439,0.0769918,-0.1229122
-0.2012204,0.0815224,-0.079598
-0.1796449,0.1027255,0.0201663
-0.1706694,0.1935806,0.0184143
-0.1356378,0.3051122,0.0037051
-0.117652,0.3334316,0.0306918
-0.1352551,0.2450235,0.075101
-0.1065051,0.1700857,0.1124929
-0.0545184,0.1617418,0.0613786
0.0403786,0.181449,0.0062316
0.1857745,0.1743643,0.0826102
0.3369939,0.1007735,0.228701
0.4189786,-0.0008592,0.3050867
0.456952,-0.060451,0.2123551
0.4481592,-0.0959265,-0.1449418
0.4275051,-0.013398,-0.325701
0.3724,0.0685102,-0.3551837
0.132748,0.0945327,-0.2793469
-0.1708327,0.1478816,-0.2276602
-0.3000337,0.2168388,-0.1505684
-0.2382796,0.2754714,-0.1267173
-0.1406031,0.2762459,-0.0279194
-0.0902204,0.1584551,0.1019235
-0.0922082,-0.0745133,0.0926184
-0.1010378,-0.2096622,0.0451245
-0.0685663,-0.3512163,0.0838745
-0.0190888,-0.5656204,0.1760112
0.0070582,-0.7524786,0.2007031
-0.0113235,-0.6638163,0.1985878
-0.087202,-0.1925816,0.2281276
-0.0817776,0.0684582,0.1534143
-0.069351,0.0530643,0.0649367
-0.1117796,-0.1580163,-0.0604755
-0.1100245,-0.2933755,-0.1403378
-0.0481153,-0.1106041,-0.0772306
-0.062548,0.103099,-0.0086296
-0.1007173,0.1448102,0.0536449
-0.0898061,0.0876286,0.1093357
-0.0437837,0.0065418,0.132749
0.0004531,-0.0664204,0.2057367
0.0038133,-0.0751071,0.2022643
-0.0541969,-0.0101796,0.1220051
-0.033952,0.0545388,0.0589
-0.0107459,0.1043755,0.0339112
-0.0125276,0.1216071,0.014002
0.0272735,0.0929296,-0.0279224
0.0631724,0.0749031,-0.0570398
0.0730112,0.0371908,-0.0720867
0.0952969,-0.007049,-0.1175684
0.2291449,-0.0187327,-0.501898
0.3076051,0.1173653,-0.4711469
0.2375031,0.3618806,-0.2406214
0.2141357,0.4821622,-0.014851
0.2076357,0.1775367,0.0655735
0.094851,-0.1089082,-0.0589663
-0.0809765,-0.1204439,-0.0457276
-0.140552,0.0914296,0.0784806
-0.1248694,0.2240898,0.1484602
-0.0862776,0.181048,0.2423082
-0.0407357,-4.39e-05,0.2543796
-0.0010673,-0.0914122,0.279149
0.0691633,-0.0579949,0.3034908
0.1729051,-0.0170092,0.1928786
0.2539776,-0.0979122,-0.0016459
0.1749418,-0.3003367,-0.1525806
-0.0023898,-0.4468357,-0.2085837
-0.1191408,-0.4441959,-0.0390684
-0.0946735,-0.2315582,0.1397724
0.1520643,-0.2168551,-0.7117694
0.3253857,-0.1953235,-0.6456806
0.1134347,-0.1049459,0.0180806
-0.2277582,-0.1107031,-0.1181276
-0.3316255,-0.1293622,-0.0239204
-0.2663,-0.1677214,0.0664755
-0.1590214,-0.2159612,0.1244388
-0.1476265,-0.1121347,0.1025429
-0.235748,0.0375612,-0.0475827
-0.3549153,0.155149,-0.1585347
-0.4697724,0.2659286,-0.2308531
-0.5312929,0.3636286,-0.2012102
-0.5188276,0.4389796,-0.1370255
-0.4459214,0.4332439,-0.1369173
-0.302549,0.2733224,-0.1871
-0.1359714,0.173449,-0.1084
-0.0079357,0.1602224,-0.0434561
0.1213082,0.133998,-0.0128796
0.278901,0.1163531,0.1263643
0.3264776,0.1608265,0.1690673
0.3088786,0.1471847,-0.0102143
0.2435582,0.0294847,-0.17915
0.1521327,-0.0395153,-0.2153898
0.1004724,0.0366173,-0.2360276
0.1210888,0.1030367,-0.1856755
0.0522112,0.1042827,0.0055469
-0.1031194,0.0090969,0.0948939
-0.2168541,-0.0989041,0.0563214
-0.2394,-0.1470888,-0.1013418
-0.1700194,-0.2654653,-0.1989194
-0.1019776,-0.5050153,-0.1714959
-0.0581449,-0.7597408,-0.0395857
-0.0991051,-0.6329,0.0717694
-0.1909286,-0.1701847,0.0862255
-0.1190143,0.0290235,0.0714827
0.0016724,0.0436459,0.103952
-0.0373908,-0.1428541,0.0275296
-0.0746184,-0.1207969,-0.0813469
-0.0334918,-0.0167306,-0.0608857
-0.0057878,-0.0630959,0.0502531
0.0240745,-0.0553082,0.1922
0.0540367,0.0330929,0.2968051
0.0161143,0.0918173,0.2871276
-0.0054633,0.0628602,0.1780847
-0.0391735,-0.0136347,0.0397255
-0.086748,-0.0368776,-0.0124735
-0.0934051,0.002901,-0.0220408
-0.0843653,0.0347806,-0.0443337
-0.0877031,0.0582918,-0.1094122
-0.0852418,0.0453327,-0.1968449
0.0030755,-0.0535041,-0.3775949
0.196552,-0.1118622,-0.860051
0.2176102,0.072001,-0.391398
0.1483643,0.2549214,-0.047249
0.1193133,0.3470541,-0.0534541
0.1574959,0.3309551,-0.2482929
0.121152,0.0618061,-0.1587806
0.004799,-0.1302235,-0.0161041
-0.0195929,-0.0857102,0.1115388
0.0021908,0.1572786,0.1504888
-0.0096908,0.3194041,0.1766857
-0.0507071,0.2741418,0.2715184
-0.0413714,0.0083337,0.3314286
0.018,-0.1308929,0.3714878
0.0257827,-0.1038082,0.3442153
0.0162224,0.0052582,0.1656031
0.0366245,0.0776898,-0.0046133
0.0628071,0.0075051,-0.1196949
0.11495,-0.1938235,-0.2454571
0.2139714,-0.3454857,-0.4006673
0.3791367,-0.4299112,-0.7227847
0.4981653,-0.3807908,-0.6674735
0.6526418,-0.2246745,-0.5466827
0.2602541,-0.1160398,-0.16385
-0.2024398,-0.203352,0.0646194
-0.4335673,-0.3899224,0.1086551
-0.4588449,-0.6120786,0.343698
-0.2577878,-0.3608173,0.3867643
0.0473755,-0.1165765,0.3337061
0.1184765,0.1418806,0.0436245
-0.0486286,0.3233214,-0.1663663
-0.2673929,0.330199,-0.2458847
-0.439349,0.2137184,-0.0811102
-0.4883,0.0980163,0.0733418
-0.3320969,0.1215469,-0.2717541
-0.092099,0.1307622,-0.3670673
0.0740296,0.1137969,-0.1434745
0.1127082,0.0718898,0.0438847
0.0771347,0.0949622,0.0896173
-0.0083276,0.2071612,0.0544041
-0.0029602,0.2671469,0.0934714
0.0457112,0.1952735,0.0741265
0.1256745,0.0454806,0.0412439
0.2135041,-0.0036582,0.0875286
0.2800959,0.0867929,0.1090776
0.3247755,0.2245265,0.0252541
0.3945765,0.2018112,-0.2498704
0.4336051,-0.0191143,-0.2858071
0.3776296,-0.1044969,0.0371265
0.3532929,-0.0867755,0.0813122
0.3629276,-0.1441582,-0.1785429
0.2065735,-0.0872337,-0.1411949
-0.0735327,0.0432173,0.0676194
-0.2082673,0.0705786,0.0376429
-0.1834827,0.0419949,-0.0515969
-0.0460061,0.0902429,-0.062051
0.1548786,0.2266449,0.0571684
0.3600112,0.2830724,0.1727429
0.4506194,0.2529745,0.1230765
0.3522949,-0.0723704,-0.2021449
0.0168214,-0.5790051,-0.6706561
-0.3957959,-0.9213541,0.1578969
-0.5058092,-1.0831724,0.1562816
-0.5508816,-0.6000286,0.2385143
-0.6469255,-0.3464439,0.3652765
-0.60745,-0.0833051,0.3570949
-0.4098194,0.0249071,0.3171765
-0.2706357,-0.0368898,0.2591306
-0.2533388,0.0355847,0.2338163
-0.2429643,0.0788765,0.2193714
-0.2252592,-0.0294867,0.2155969
-0.1235163,-0.1174653,0.188798
-0.0174796,-0.12835,0.0876857
0.0343673,-0.054902,0.0177459
0.0467347,0.0117051,0.0089765
0.0571061,0.0299776,-0.0048031
0.0745939,0.0420347,-0.0682255
0.0844969,0.0491143,-0.0988959
0.1773684,-0.06375,-0.3783347
0.5653235,-0.2637316,-1.5199102
0.5989184,-0.150249,-0.7760327
0.4697357,0.032299,-0.1758133
0.3569296,0.1551888,0.1093755
0.3020388,0.1293337,-0.0626184
0.2954561,-0.0059337,-0.2224663
0.2411102,-0.0782143,-0.2484265
0.1201561,-0.0142163,-0.1403122
0.0700918,-0.011401,-0.0160541
0.0277286,-0.0183571,0.0714357
-0.0085449,-0.0494031,0.1275316
0.0298306,-0.0937071,0.1961296
0.0644204,-0.0391622,0.1148347
0.0371102,0.0077582,-0.0078612
0.0186102,-0.0162235,-0.0693071
-0.0292684,0.0121265,-0.0882929
-0.0197469,0.0770745,-0.3226296
-0.0245398,0.0979245,-0.6202408
0.0112357,0.1289541,0.0986163
0.0216357,0.2024378,-0.0335827
0.1321122,0.1319,-0.0042439
0.1999878,-0.1909602,0.1311367
0.3075031,-0.4848388,0.2803153
0.4389224,-0.6881816,0.1484908
0.3556459,-0.6697694,-0.087151
0.0577755,-0.5594969,0.0570398
0.0192888,-0.5598939,0.2845408
0.0876459,-0.5350612,0.5004918
0.0077939,-0.4533551,0.6318673
-0.1111745,-0.4435796,0.7888204
-0.2694224,-0.4658571,0.8275398
-0.3977571,-0.3772173,0.715199
-0.4622327,-0.206098,0.6366255
-0.4540469,-0.0212633,0.5961684
-0.3686776,0.1407122,0.4681663
-0.3422969,0.227898,0.3950673
-0.3403949,0.2387684,0.3558235
-0.3131837,0.1185918,0.2670224
-0.3292837,-0.0441173,0.1881827
-0.3174622,-0.1171276,-0.0211071
-0.2641622,-0.0155765,-0.5687031
-0.1765969,0.1885898,-1.8701429
-0.1389439,0.2827112,-0.6712643
-0.0808602,0.2162449,-0.1122092
0.0357816,0.0915031,-0.0114347
0.0309286,0.0576816,-0.060902
-0.0411429,0.1011245,-0.0180316
-0.0422082,0.1640663,-0.001402
-0.0038857,0.2096878,-0.0352888
0.0882888,0.188098,-0.1246806
0.2219408,0.1257367,-0.3094
0.2730347,0.0857051,-0.2513837
0.202301,0.0402735,-0.0621367
0.0702531,0.011651,-0.0134031
-0.0224357,0.0427755,-0.0935551
0.0320571,0.1319694,-0.2039561
0.0113582,0.2927847,-0.2848602
-0.0758449,0.4482694,-0.2265378
-0.2180031,0.4714429,-0.0567327
-0.3990878,0.2814561,-0.0635929
-0.3773531,0.0753122,-0.0811204
-0.1040745,-0.010898,-0.114051
0.1388602,0.0621816,-0.1677071
0.1546459,0.1212786,-0.1413816
-0.0585388,0.0569449,-0.169998
-0.1660327,-0.0546806,-0.1620429
-0.1766102,-0.2312551,-0.3356561
-0.2143837,-0.4489622,-0.4952561
-0.26895,-0.6736541,-0.0853337
-0.2439684,-0.9398347,0.1693031
-0.0382367,-1.0047735,0.6082959
-0.0836939,-0.5626878,0.5403133
-0.1628316,-0.195352,0.3431286
-0.0852786,0.1098582,0.2182092
-0.0112959,0.2937918,0.1497214
0.0301296,0.3774704,0.1116806
0.0743888,0.2903388,0.0589755
0.0437102,0.0233347,-0.0294255
-0.0350776,-0.2202388,-0.0245714
-0.0671439,-0.227499,0.0953255
-0.0730041,0.0519041,0.1437806
-0.0517592,0.1829153,0.1255082
-0.0283663,0.1414082,0.1091378
-0.0468041,-0.0334235,0.1038959
-0.0401235,-0.1812459,0.1317184
0.0308735,-0.1290939,0.1283388
0.040651,0.0450224,0.0278357
0.0375296,0.1397173,-0.0778286
0.031099,0.1631041,-0.1564316
0.0182796,0.1172531,-0.1993806
-0.0169827,-0.0040847,-0.1808622
-0.0824939,-0.1225806,-0.160952
-0.0946143,-0.0658265,-0.149948
-0.0490163,0.1171663,-0.0722653
-0.0183112,0.2291786,-0.0547367
0.0143388,0.1730224,-0.1044582
0.096152,-0.0372878,-0.203902
0.2296816,-0.0643286,-0.4264929
0.234001,0.1512602,-0.2192643
0.1380898,0.4100633,0.0496306
0.07925,0.5906888,0.1304429
0.0417908,0.6032816,0.1699694
0.040248,0.2497235,0.1470184
0.0307122,-0.055449,0.0817653
-0.0097929,-0.1327918,0.0359102
-0.0231316,0.0028469,0.1005429
0.0183061,0.0888867,0.1905612
0.0605663,-0.0396612,0.2374398
0.153248,-0.2896827,0.2580806
0.1902337,-0.5202388,0.228502
0.2863265,-0.7338827,-0.0821296
0.2456898,-0.7334357,-0.5227204
0.0010184,-0.2957755,-0.3611602
-0.1497337,-0.0375092,0.1286602
-0.3393612,-0.0434031,-0.1902663
-0.4497133,-0.0704531,-0.2217918
-0.3326755,-0.1875357,0.0558153
-0.1436276,-0.3027847,0.2291541
0.0374724,-0.2536827,0.1205418
0.117302,-0.1139316,-0.0778602
-0.04075,0.0804796,-0.0074837
-0.2604867,0.1828041,0.0908194
-0.3631367,0.1737929,0.0157796
-0.3379255,0.1333408,-0.1971898
-0.2321612,0.1363122,-0.1590163
-0.2173745,0.2080633,0.0101459
-0.2391837,0.29295,0.081298
-0.2559786,0.3602888,0.0551071
-0.2328143,0.4164418,0.0465816
-0.1577408,0.421452,0.0556143
-0.0452806,0.3533592,0.0967112
0.1193112,0.1761224,0.1431378
0.3291796,0.0283112,0.1818602
0.4410439,0.0687612,0.1497684
0.4099449,0.1683255,-0.0049776
0.346351,0.1746612,-0.0712378
0.2089765,0.1213755,0.0249398
0.1132245,-0.0072296,-0.0864582
0.0640173,-0.0706316,-0.2418347
-0.0278347,0.0558908,-0.2038612
-0.0767939,0.0490724,-0.0733551
-0.1010806,-0.1436255,0.0165857
-0.0862429,-0.5842429,0.0947776
-0.0650959,-0.8570602,-0.0155153
-0.00985,-0.7127724,-0.0958612
-0.0882653,-0.3682592,-0.0323908
-0.2484194,-0.2782337,0.0325561
-0.3100102,-0.3935449,0.1210388
-0.3177051,-0.2712776,0.0591367
-0.2804816,-0.0248612,0.015548
-0.2211582,0.1276929,0.0246612
-0.1889867,0.15265,0.0724245
-0.1762541,0.0993133,0.127001
-0.1911847,0.1034224,0.1489316
-0.2271694,0.1352673,0.1577184
-0.2143092,0.1012582,0.1404051
-0.1329888,0.0285704,0.1013378
-0.0422337,0.0185531,0.1202194
0.0028102,0.0872888,0.1414327
0.0416398,0.107901,0.1351235
0.0793918,0.0448582,0.1035031
0.1070724,-0.0044173,0.0504571
0.0989163,-0.0286439,0.0160745
0.0807714,-0.0729296,-0.0156898
0.08715,-0.0862704,-0.1183969
0.1090867,0.0781898,-0.3812133
0.2055031,0.425199,-1.6878776
0.2560408,0.3961367,-0.647001
0.2133582,0.4680378,0.0509837
0.1169898,0.3870969,0.134201
0.0453347,0.2803163,-0.0412602
-0.0062061,0.3503469,-0.0386286
-0.0333051,0.3191163,0.0282449
-0.02675,0.0128735,0.1498776
0.0475418,-0.3923704,0.325398
0.0756388,-0.5253827,0.3431541
0.1815459,-0.4604806,0.1256694
0.286851,-0.578798,-0.0759347
0.3705306,-0.7663357,-0.2356959
0.3645724,-0.5315878,-0.3542061
0.2313061,-0.2040031,-0.1030755
0.0431173,-0.1358765,-0.0412224
-0.2895,-0.1409,-0.5453837
-0.4481857,-0.1105714,-0.2719633
-0.3760286,-0.1990224,-0.0289857
-0.1722888,-0.2810071,0.0311255
0.0465561,-0.1562347,0.137499
0.1182459,0.0492,0.0860653
-0.1106173,0.2546888,-0.0642541
-0.2990102,0.3307418,-0.0711378
-0.4025704,0.319601,-0.0603724
-0.4818796,0.2450673,-0.1516204
-0.4604633,0.1951551,-0.1242612
-0.326798,0.1681255,-0.0488622
-0.1903439,0.1305969,-0.1097531
-0.0835622,0.1853704,-0.1420684
0.0337459,0.2246388,0.0514786
0.1264622,0.144449,0.1561051
0.2349388,0.0278367,0.193301
0.3613633,-0.0179888,0.2365214
0.3623316,0.0643061,0.1497796
0.3435714,0.1622122,0.0350143
0.4034224,0.0461,-0.1746551
0.4323245,-0.1012418,-0.5226306
0.2557704,-0.0116857,-0.5540071
0.003799,0.3047214,-0.1917408
-0.1118827,0.5778969,0.0114122
-0.1036204,0.6492857,-0.0027418
-0.0917133,0.5520816,-0.0208776
-0.0382337,0.1088184,-0.0806214
0.0182122,-0.5637051,-0.235849
0.0183582,-1.1442173,-0.2495316
0.1078908,-1.4052541,-0.0839541
-0.1081888,-0.7547816,-0.0271704
-0.3763296,-0.4755837,-0.015802
-0.3579418,-0.5711837,0.1575327
-0.255402,-0.2903245,0.1001194
-0.1871,0.0410684,-0.0535612
-0.1717031,0.2674918,-0.0770765
-0.1995255,0.3741041,-0.0257969
-0.2425235,0.2581969,0.0460765
-0.2248888,0.0095378,0.1181602
-0.2249541,-0.0872276,0.2551367
-0.1848857,-0.0379235,0.3434388
-0.0932622,0.1066214,0.2150469
-0.0336786,0.2144051,0.1081776
-0.0154898,0.2044224,0.0444867
-0.0055061,0.0596112,0.0393531
0.0161388,-0.085398,0.0675745
0.0237745,-0.073852,0.0698592
0.0353347,0.0239898,0.0339245
0.0554398,0.1044633,-0.0123133
0.061401,0.0453194,-0.0810949
0.0668408,-0.1087194,-0.0759867
0.1096173,-0.1461663,-0.1231888
0.3280633,0.0684439,-1.7042561
0.3966551,0.2080316,-0.9727918
0.3743102,0.3701806,-0.1820133
0.255249,0.3863296,-0.1005816
0.1509796,0.1142959,-0.1761653
0.039951,-0.1037163,-0.1014194
-0.0481694,-0.1322776,0.0602612
0.0238571,0.0367867,0.145598
0.0996939,0.1646398,0.0924653
0.1038459,0.0960888,0.0734684
0.1077316,-0.0285388,0.0897735
0.1664398,-0.136398,0.1303122
0.1932071,-0.2753663,0.1199173
0.1938204,-0.448351,0.0565204
0.126501,-0.4877724,-0.0189449
0.0067163,-0.2380622,-0.0427082
0.0192592,-0.2170429,-0.0274082
0.0694602,-0.3706673,-0.2692051
0.0824061,-0.4582255,-0.5959265
-0.0878327,-0.3439969,-0.399748
-0.2312704,-0.1271796,-0.2900204
-0.1331643,-0.0768153,-0.1820327
-0.0424929,-0.0983245,-0.0757163
-0.1062939,-0.0537102,0.0473959
-0.2082786,0.0950204,0.0697153
-0.2891908,0.241601,0.0468122
-0.3200786,0.3393888,-0.0524602
-0.3459663,0.3810296,-0.166049
-0.3619694,0.3183102,-0.1732745
-0.3580786,0.2136714,-0.0848724
-0.2887878,0.1763786,0.0049061
-0.2255469,0.2124143,0.0220714
-0.1517929,0.2872316,0.0477694
-0.0798898,0.3040306,0.0225918
0.0565643,0.2259612,0.0153378
0.266651,0.0501194,0.1192561
0.4905918,-0.1259,0.2165837
0.6431092,-0.1885071,0.0132153
0.6144541,-0.0514163,-0.361301
0.4347837,0.1991776,-0.448702
0.2221041,0.4035408,-0.3022
0.0266,0.3906051,-0.208301
-0.0578806,0.242101,-0.1617929
-0.0610673,0.047802,-0.2262837
-0.0112796,-0.3154143,-0.1195163
-0.0195663,-0.7071061,0.0177786
-0.0133143,-0.8805602,-0.0252653
0.0918551,-0.8384827,0.0567673
0.0146939,-0.3243133,0.1234765
-0.0718071,-0.0305357,0.0689663
-0.0360133,-0.1371459,0.1180031
-0.1028337,-0.2081582,-0.0499204
-0.1189806,-0.1155173,-0.1296337
-0.0696449,-0.0589857,-0.0143235
-0.0792684,-0.0941949,0.0888378
-0.1233837,-0.2008888,0.1979163
-0.1612469,-0.2173755,0.2915929
-0.1957163,-0.1016122,0.272798
-0.1625939,0.0547908,0.1676194
-0.1144684,0.1913367,0.1208418
-0.0914847,0.2848429,0.1420867
-0.0865143,0.339998,0.1269071
-0.1015,0.3093561,0.1427051
-0.1227724,0.1208143,0.1729
-0.1178827,-0.1143041,0.1739847
-0.0900582,-0.2853153,0.0908173
-0.0083214,-0.2515276,-0.0540367
0.0624867,0.004598,-0.0752276
0.1075592,0.2783704,-0.0109388
0.1174082,0.4539092,0.0336622
0.0800429,0.4100888,-0.0396867
0.6380663,-0.0981071,-2.385449
0.2245959,0.0075673,-0.4366378
0.214502,0.2380918,-0.0799306
0.1978857,0.4864429,0.0324714
0.1435327,0.5648653,0.070998
0.0938459,0.3187327,0.1138112
0.0649041,-0.0140663,0.2685429
-0.0008122,-0.1627143,0.4130398
0.0203143,-0.1884969,0.2072194
0.0854847,-0.2468296,-0.0139112
0.1287673,-0.4022092,-0.1222316
0.2329133,-0.6424551,-0.1779939
0.2923918,-0.7836531,-0.2505102
0.3001582,-0.6110276,-0.208198
0.3344622,-0.4610224,0.0105296
0.1157704,-0.4906602,0.2131163
-0.2137602,-0.4236173,0.0199551
-0.4241061,-0.1994827,-0.5165306
-0.3391765,0.0133204,-0.6204643
-0.1603704,0.1162755,-0.2649776
-0.163,0.1844541,-0.1594643
-0.1802571,0.2248398,-0.0714806
-0.1531,0.2430194,0.0609541
-0.1385602,0.236449,0.1217255
-0.1078735,0.197951,0.129848
-0.0705918,0.187148,0.1387184
-0.0790122,0.1935429,0.1530663
-0.1023214,0.2292939,0.1486612
-0.1132061,0.2703551,0.1421
-0.114198,0.2709745,0.1399367
-0.0701551,0.2273673,0.1399316
0.0052867,0.1807704,0.0740429
0.0992449,0.1045857,-0.0463255
0.211,0.0736031,-0.0273735
0.354699,0.0944296,0.1209969
0.4673714,0.0895898,0.0974398
0.4553847,0.0167908,-0.0229051
0.3234898,0.0520357,0.0713194
0.2335031,0.1760969,-0.0567245
0.022699,0.3924245,-0.4522245
-0.0499684,0.286299,-0.4536918
-0.0073153,-0.1819357,-0.0736163
-0.0011367,-0.7057071,0.174498
0.0758827,-1.0078612,0.0071612
0.0446031,-0.6992592,-0.1525714
-0.1499418,-0.1626173,-0.1729724
-0.23455,-0.1798031,-0.040751
-0.2000265,-0.3933786,0.1466265
-0.205049,-0.4284367,0.1113316
-0.228902,-0.2846571,0.0412949
-0.2109398,-0.1083306,0.0573469
-0.157848,-0.0058918,0.0996173
-0.1267102,0.0346133,0.1145337
-0.1435653,0.0412755,0.0917224
-0.1720694,0.0399408,0.0979194
-0.1876173,0.0429663,0.1184908
-0.1351531,0.0586061,0.0917592
-0.1034092,0.1057571,0.0885143
-0.0902061,0.1487612,0.0921286
-0.0588316,0.1690796,0.0767367
-0.0147827,0.2033082,0.0800071
0.0275388,0.18245,0.1001357
0.0655929,0.0924724,0.116199
0.0880061,-0.0098316,0.1171449
0.115502,-0.0008051,0.0079837
0.1029418,0.168649,-0.0663204
0.0250245,0.2264561,-0.14905
0.687901,-0.2404765,-3.6439724
0.0687888,0.0880745,0.0588143
0.1479806,0.1734867,0.0025286
0.1411245,0.4071173,0.0887898
0.1089214,0.506599,0.0901531
0.0035388,0.3600867,0.0887449
-0.0143602,0.1078816,0.1189735
0.0726204,0.1067663,0.1072653
0.1898357,0.1887867,-0.1025592
0.2529755,-0.0744796,-0.3967112
0.1836214,-0.3940459,-0.5123969
0.146849,-0.8431235,-0.3271194
0.3189612,-0.9803908,0.1561796
0.2746745,-0.5748388,-0.1694531
-0.2056929,-0.400652,0.0445959
-0.2448265,-0.5185041,0.1848755
-0.1949,-0.4636133,0.1851378
-0.0256969,-0.2095194,0.0995653
0.0709041,-0.0583102,-0.0387235
-0.0359102,0.0652735,-0.0303755
-0.2500061,0.1758694,0.00025
-0.4255765,0.2862786,-0.0898449
-0.4776194,0.3919918,-0.2116276
-0.3363388,0.4190571,-0.2900765
-0.1462388,0.3199939,-0.303701
-0.0474867,0.1871255,-0.263349
-0.0520684,0.0819265,-0.1642806
-0.1153827,-0.0039398,-0.0705898
-0.1453265,0.0105265,0.0789378
-0.1210265,0.084802,0.1381612
-0.0780184,0.1262857,0.1283755
-0.0051051,0.0930643,0.0460092
0.07815,0.0312684,0.0301378
0.1309316,-0.0021388,-0.0360663
0.1754245,-0.0235684,-0.0905602
0.246051,0.0209408,-0.1369735
0.365648,0.1101082,-0.2924
0.4508429,0.1397776,-0.3501592
0.4166296,0.1519857,-0.1008551
0.3198939,0.1427378,0.0901673
0.2238398,0.2457612,-0.0419143
0.0513071,0.4660408,-0.3154663
-0.1002653,0.5995857,-0.2906031
-0.1001776,0.4967582,0.02105
-0.1044714,0.1330969,0.1367245
-0.1665327,-0.4841969,-0.1840531
-0.4296367,-1.1007561,-0.1066816
-0.4687071,-1.2887653,0.0708837
-0.4122265,-0.7656296,0.3330224
-0.7772061,-1.0033684,0.3187714
-0.8559071,-1.0843592,0.2160388
-0.5386908,-0.4251949,0.25495
-0.4017776,0.0002469,0.1180378
-0.3182286,0.240502,0.1912969
-0.3124561,0.3417735,0.2587929
-0.4494408,0.3581153,0.3967888
-0.5528276,0.3232653,0.3408082
-0.4989378,0.321152,0.1109061
-0.3803816,0.2820214,0.0153429
-0.34955,0.2279571,0.0897337
-0.3381388,0.1927765,0.1054041
-0.2432286,0.1238163,-0.0178816
-0.1152214,0.0155316,-0.1192194
-0.0047949,-0.0978776,-0.1399714
0.0557306,-0.2027224,-0.1375429
0.1432551,-0.2626337,-0.1180388
0.2091357,-0.2361867,-0.1314684
0.188952,-0.2377867,-0.1470837
0.2282847,-0.2021357,-0.23165
0.2975653,-0.1728112,-0.3558765
0.3837122,-0.1074398,-0.3822949
0.3540051,0.0050633,-0.2943806
0.2853408,0.0279122,-0.1713806
0.228299,-0.0064327,-0.1044827
0.1608541,-0.0305194,-0.0452592
0.1049092,-0.0729082,0.0584673
-0.0445582,-0.0519612,0.145902
-0.2150347,-0.0778816,0.2095163
-0.336498,-0.1264071,0.2314531
-0.3584082,-0.1970347,0.2774429
-0.2837276,-0.2952908,0.2787224
-0.1841306,-0.3292765,0.2176969
-0.202151,-0.1807429,0.1777153
-0.3034469,-0.0061337,0.1961398
-0.3675071,0.0586327,0.265648
-0.3064,0.0499908,0.2652714
-0.100651,0.0785541,0.1516306
0.0294592,-0.0911898,0.4000153
0.2583918,-0.2565316,0.5791633
0.4321663,-0.0606469,1.5133429
0.3782061,-0.0784857,0.4675347
0.2691571,-0.0316541,-0.1995755
0.1334469,-0.0750867,-0.2201847
-0.187852,-0.045501,-0.3297418
-0.35365,0.0194214,-0.2847796
-0.2861949,-0.0154459,-0.0669765
-0.2229388,0.0222878,-0.0554214
-0.1473245,0.0187337,-0.0509235
-0.0052082,0.0055612,-0.0021459
0.0333643,-0.0512622,0.0960449
0.0482969,-0.0997418,0.035901
0.1219561,-0.1325786,0.0423327
0.1777214,-0.1487622,0.1983184
0.1395816,-0.1547959,0.1739
0.0903959,-0.1302214,-0.0712286
0.1131898,-0.1189592,-0.0957163
-0.0390296,-0.1350469,0.0129888
-0.1663439,-0.1035878,-0.0939827
-0.328102,-0.0434276,-0.3059806
-0.3928857,-0.0972102,-0.1473153
-0.1162857,-0.1277,-0.0798378
0.1143173,-0.2240082,0.1082082
0.279199,-0.2688551,0.0971357
0.2348837,-0.1860286,-0.0002735
0.1521837,-0.1382153,-0.0098786
0.0647612,-0.1019592,0.1804541
0.2882429,-0.2555398,0.0753796
0.4175398,-0.2809776,-0.1054878
0.4216459,-0.1830786,-0.20055
0.2043122,-0.0729633,-0.2070878
-0.0427337,0.0999969,-0.2165367
-0.1997316,0.1822286,-0.2640776
-0.1143224,0.1374898,-0.1181867
0.259151,0.1038969,-0.0113663
0.4254204,0.1569714,0.060649
0.318099,0.2222092,0.0107316
-0.0226918,0.3232224,0.0276857
-0.4216388,0.3387,-0.1382112
-0.5145,0.2914602,-0.3708765
-0.522,0.0968469,-0.3256612
-0.0407255,-0.1894143,-0.3110908
0.5642908,-0.7044327,-0.15145
0.6475571,-0.4963265,-0.124452
0.2406765,-0.2712898,-0.4828735
-0.7724959,-0.2817755,-0.5073
-1.0894867,-0.0991592,-0.7611184
-0.3321327,0.2625969,-0.4647551
0.0453071,0.411101,0.3695082
0.1424816,0.3737296,1.0515051
0.2281367,0.2731367,1.2622735
0.3310398,0.2692398,1.2937684
0.3070653,0.2844357,1.3063469
0.1316173,0.2677673,1.0385418
-0.0987031,0.2304459,0.7202367
-0.1726204,0.2366949,0.4011684
-0.041299,0.2102398,0.1088224
0.003702,0.1625857,-0.0305796
-0.1582765,0.0922184,0.0533398
-0.3085684,-0.006248,0.0532031
-0.2050418,-0.0399184,0.0587378
-0.1380704,-0.0999388,-0.187398
-0.2489327,-0.1481133,-0.2892071
-0.3031633,-0.1760745,-0.3293163
-0.3013316,-0.1878469,-0.1844469
-0.1291776,-0.1874347,-0.3243724
-0.0157051,-0.1754214,-0.3612316
-0.0185122,-0.2352612,-0.2113969
-0.0004745,-0.2233704,-0.1480724
-0.0256643,-0.2511765,-0.1847276
0.0159929,-0.2718612,-0.3322194
0.0636949,-0.2142857,-0.3978112
0.1938643,-0.2331571,-0.3320469
0.9651653,-0.5391592,0.7310898
0.4899755,-0.4684041,0.0980265
-0.5028918,-0.0306133,-0.1874776
-0.4739071,0.1282704,-0.0791592
0.1871949,-0.0641173,0.3801296
0.3114837,-0.269999,0.2191959
0.2204408,-0.2542469,0.2529143
0.1947541,-0.036498,0.0915214
0.080749,-0.009402,0.2524255
0.1721153,-0.1691194,-0.0283745
0.2018867,-0.1073122,-0.072298
0.0274796,0.012301,-0.0697408
-0.0310194,0.1249082,-0.0873112
0.0281082,0.0873755,-0.1404531
0.0875327,-0.0355439,0.1300888
0.1854949,-0.0971031,0.2163592
0.2055296,-0.069501,0.0562755
0.0084398,0.0514796,-0.1051418
-0.0449204,0.1396255,-0.0935969
0.0643224,0.0278194,0.0079204
0.1185776,-0.0559143,-0.0041408
-0.0028745,0.0358939,-0.0192776
-0.0262092,0.0451398,-0.0422622
0.0019173,0.0331306,-0.0229194
-0.0391959,0.0191112,0.0354898
0.0168041,-0.0309061,0.0339163
-0.0054235,0.0151153,0.0110347
-0.036002,0.0500265,-0.0304255
-0.0146214,0.0401612,-0.0782827
-0.0352276,0.0327408,-0.0616388
-0.026551,0.0302459,-0.0899602
0.0009918,0.0118561,-0.0987571
-0.0425439,0.0309714,-0.0354204
-0.0515286,0.014349,0.0425429
-0.0066673,-0.0372806,0.0574827
0.0684643,-0.0617408,-0.0460071
0.0052306,-0.0021082,-0.0065602
-0.0169786,0.0113673,0.0492857
0.0033347,0.0135337,0.0001776
0.0084265,0.0125071,-0.2092561
-0.0291796,0.0792837,-0.4633316
0.089748,-0.0829469,0.2794469
0.0172122,-0.1144816,0.3122357
0.002502,-0.0055653,-0.0593367
