accx,accy,accz
-0.0338714,0.0117286,-0.0843888
-0.0372582,0.0153531,-0.0578173
0.0032255,-0.0094296,-0.0510316
0.0136673,-0.0110816,-0.0262663
0.0027888,0.0020908,0.0031204
0.0196143,-0.0068735,-0.0206276
0.041452,-0.0214429,-0.0494653
0.0166255,-0.0174276,-0.0480959
0.006052,-0.0122714,-0.0043582
-0.007701,0.0045755,0.0162
-0.0147786,0.0118224,-0.0026082
-0.0234133,0.0065622,-0.0383806
-0.0293827,0.0078531,-0.0241888
-0.0364357,0.028202,-0.002299
-0.0342378,0.04135,0.01635
-0.0036827,-0.0005469,0.0172684
0.0110071,-0.0046663,0.0166622
0.0756724,-0.0324153,0.0163929
0.0733041,-0.0359837,0.0292898
0.0390163,-0.0179449,0.026302
0.0107235,-0.0105194,0.0143847
0.0138755,-0.0164143,0.0092643
0.016202,-0.0194092,-0.0086031
-0.0034061,-0.0096898,-0.0174245
-0.0254235,0.0051622,-0.0342888
-0.0154459,0.0086204,-0.0287153
0.0137194,-0.0061663,0.0334541
0.0131327,-0.0190102,0.0638867
-0.0091031,-0.0103296,0.0368898
-0.0111622,-0.0079337,-0.0172602
-0.0657449,0.0228143,-0.0493592
-0.1685357,0.0962296,-0.0469204
-0.0960286,0.0601837,-0.019102
-0.0151184,-0.0024878,0.0754
-0.0162112,0.0190694,0.1900459
0.0976224,-0.0483827,-0.0268276
0.0527143,-0.0166592,-0.1108643
0.0307235,-0.0201786,-0.0667939
0.0341847,-0.0297051,0.0231857
-0.0307245,0.0028276,0.0358163
-0.0036173,0.0034622,0.0035847
0.0354224,-0.0185939,-0.007648
0.0106061,-0.0165449,-0.0443051
-0.0303633,-0.0015541,-0.0465082
-0.046501,-0.0027255,0.0148643
0.0296061,-0.0056847,0.0366133
0.0599602,-0.0188327,-0.0203806
0.0423867,-0.0167735,-0.0452531
-0.0067133,-0.0020163,-0.0113786
-0.0572776,-0.0073092,0.0138082
-0.0518796,-0.0029469,0.0320786
0.0116398,0.0511245,0.0842796
-0.0042724,0.0706082,-0.0794857
-0.046502,0.0001224,-0.109802
-0.0224286,-0.036501,-0.0904847
-0.0012337,-0.0127112,0.0418337
0.07415,-0.0198204,0.152802
0.0270704,-0.0107633,0.0818643
-0.0783071,0.0384612,-0.0539633
-0.0528469,0.0273735,-0.0312235
-0.0018653,0.0320163,0.0248051
0.0356245,0.0047418,-0.0930102
-0.008698,0.0045673,-0.1357908
0.0084327,-0.0140571,0.0226214
-0.0187633,0.0092735,0.1163173
-0.0983439,0.0321031,0.0384286
-0.0061949,-0.0329184,-0.2200633
-0.1267663,0.1107755,-0.0535327
0.0216806,-0.0030429,-0.0120082
0.1769439,-0.0800439,-0.0412561
0.1129143,-0.1067633,-0.0346694
0.0142092,-0.0105296,-0.0469041
0.0312418,-0.0119796,0.0608173
0.0872357,-0.0733316,0.1504663
-0.0588378,0.0114755,0.0398112
-0.2206663,0.1809459,-0.2971245
-0.0240745,0.1009082,-0.1878714
0.1333898,-0.0239837,-0.1751235
0.1430306,-0.0097796,-0.1901286
-0.0284704,0.0035245,-0.1505082
-0.2072439,0.0873857,-0.2806276
-0.1260112,0.0008602,-0.232051
-0.0124959,-0.0550694,-0.1527898
0.0191684,-0.0935551,-0.0849663
-0.0626061,-0.1705153,-0.0193653
-0.0914378,-0.1514092,-0.1187082
-0.1262122,-0.1882082,-0.1799939
-0.1384163,-0.1536653,-0.2379898
-0.1222622,0.0194531,-0.1058714
0.0644,-0.1023357,0.0736847
0.1685347,-0.4167214,-0.1098694
0.1225122,-0.477801,0.1277827
0.3201469,-0.4445622,0.2388898
0.2253388,-0.4626622,0.1473286
-0.0377929,-0.2761378,0.2084837
0.1474378,-0.1616908,0.3203286
0.23825,-0.2001959,0.582401
0.2078316,-0.2230204,0.8499796
0.1009806,-0.2258633,0.4582867
0.0107286,-0.3619449,-0.0515061
0.0578265,-0.5151694,-0.4175173
0.0662704,-0.5265704,-0.1647888
-0.2758388,-0.0772398,0.3855776
-0.5518337,0.106352,0.4980071
-0.4651,-0.153799,0.2407561
-0.3483745,-0.322501,-0.1285316
-0.2425133,-0.1411378,-0.3920276
-0.0449469,-0.0051908,-0.4333929
0.2651949,0.0116827,-0.1509704
0.1984245,0.0951357,0.18165
0.2162827,0.0783653,0.2199378
0.46645,0.1052969,-0.0260316
0.5822684,0.1703633,0.0166082
0.4810806,0.1398133,0.1472449
0.3841531,0.0886796,0.2956959
0.2863204,-0.0366582,0.5855071
0.2674316,-0.1897735,0.7565082
0.315998,-0.2763551,0.5441092
0.2865204,-0.2236388,0.0384378
0.1345643,-0.0929459,-0.1758939
-0.085202,0.0093959,-0.1460449
-0.2059316,0.0014755,-0.1338265
-0.2019388,0.0303347,-0.1517643
-0.1154357,-0.0152531,-0.0864102
-0.1114122,-0.013601,-0.0720633
-0.200948,-0.0372653,-0.2514776
-0.3008459,-0.0143163,-1.0222265
0.0104276,0.0369184,-0.9673561
0.3217163,0.0859602,-0.9542255
0.0784592,0.0418724,0.4297439
-0.0967724,0.0843071,0.5356704
0.0146867,0.0123367,0.229951
-0.0049163,0.0397684,0.0706888
0.0042724,0.0371367,-0.076052
0.0128051,0.0328347,-0.1561204
0.0229153,-0.0191031,-0.0340337
-0.003852,-0.0367765,0.1651551
0.0587612,-0.0410755,0.3430571
0.1871214,-0.0027173,0.3526296
0.1608082,0.0255469,0.0949592
0.0994531,0.0351245,-0.1193408
-0.0078092,-0.0258673,-0.3011082
-0.1101031,-0.0591378,-0.3528214
-0.0495745,-0.0585459,-0.2025071
0.169851,-0.0333571,-0.020848
0.2782418,0.0647949,0.0502653
0.0909969,0.1346612,-0.1849327
-0.1669102,0.0737184,-0.345701
-0.227749,-0.0502184,0.1334235
-0.2213,-0.2176143,0.5259245
0.0945602,-0.1978143,0.2309755
0.2102163,0.0373571,-0.3153255
0.3556235,0.1541847,-0.3290112
0.2500306,0.2108888,-0.0572918
-0.0032347,0.1667827,-0.1076878
-0.4245714,0.0457827,-0.2372857
0.0534102,-0.1376388,0.3000041
-0.1560949,-0.1478663,0.1430173
-0.3450612,-0.0572337,0.2473827
-0.6151939,0.1663694,1.4419633
-0.30565,0.1033092,1.4798592
-0.8978306,-0.0561684,0.2600276
0.2335939,-0.2150673,-2.0689153
0.9211837,-0.0046122,-2.3418061
0.5273071,-0.3904816,-0.4097173
-0.0312582,-0.2955133,0.5358082
-0.138152,-0.2240918,0.840649
-0.0139245,1.02e-05,0.4526959
0.0031245,0.2075357,-0.4079837
-0.3569031,0.4270245,-0.6614429
-0.7490622,0.3380857,-0.2709153
-0.7607276,-0.020099,-0.0381704
-0.3273031,-0.5684531,0.3439235
0.2166704,-0.711451,0.787148
0.4844735,-0.8993265,0.244499
0.5046724,-0.6518388,-0.8586204
0.5191327,-0.6001122,-0.8535969
0.384049,-0.5706153,-0.098199
0.2343745,-0.3710316,0.3940184
0.1912469,-0.2264286,0.754
0.238149,0.1444612,0.3615939
-0.1856429,0.2037653,-0.3917663
0.2156908,-0.0248908,-0.5161122
0.4883612,-0.0011827,-0.2443776
0.1319378,0.0466357,-0.0193286
-0.2644061,0.0428398,0.1278878
-0.2098316,0.1362714,-0.0666245
-0.3821194,0.069552,0.2097622
-0.4776265,-0.102648,0.1530939
-0.257999,-0.1816459,-0.2310316
0.1596929,-0.1538031,-0.2655816
0.1763745,-0.0553786,-0.5002388
0.3196031,0.0361459,-0.1919959
0.1110714,0.1514398,0.010802
-0.032249,0.108049,0.3081653
0.0835214,0.1565265,0.2211878
-0.0192112,0.1003031,-0.0575306
0.0474061,-0.1465602,-0.1473429
0.0147694,-0.0843418,-0.1266398
-0.0722102,-0.0244765,-0.1810418
0.0291041,0.0707633,0.0419153
0.0300112,-0.0562653,0.2236071
-0.1144051,-0.0898398,0.0868816
-0.1052969,-0.184449,0.1714592
-0.0269327,-0.1075133,-0.1289765
-0.0124143,0.0060306,-0.4056133
-0.1002663,0.002051,-0.2138235
-0.0819214,-0.0056827,0.0220286
0.0167286,0.0268602,0.1539255
0.2214367,0.1686847,-0.1017224
0.0716673,0.0644184,-0.2090194
-0.032098,-0.077448,-0.0514459
-0.0134224,-0.0179592,0.0138133
-0.1257,0.048748,-0.0227541
-0.0461612,0.0039163,0.1082092
0.014001,0.0445418,0.1418102
-0.0327224,0.1646653,-0.0055112
-0.0128571,0.3463582,0.1050102
-0.1312643,0.360599,0.0918051
-0.100149,0.0301571,0.0284969
-0.0657694,-0.3397827,-0.1529571
0.0812663,-0.3130255,-0.1908204
-0.0546122,-0.1136796,-0.0324051
-0.0373796,0.1495867,0.0217449
0.0005224,0.2975714,0.050001
-0.1160204,0.2555704,0.0445357
-0.1503061,0.0507735,-0.0498673
-0.122099,-0.2514939,-0.1156786
0.0793153,-0.2769204,0.005301
0.1349408,-0.3174224,0.1840816
0.0804612,-0.3768092,0.1291449
-0.1243173,-0.2004551,-0.0273418
-0.4190061,-0.1747714,0.1541122
-0.426,-0.1461388,0.2000357
-0.0904867,-0.2552357,-0.0045224
0.1159969,-0.2716602,0.0726092
0.1959796,-0.0949041,0.0360643
0.3969357,0.0781959,-0.0886633
0.2877939,0.2960602,-0.04715
0.0155929,0.1983469,-0.0036082
-0.1909327,0.0082133,0.1672306
-0.2962071,-0.1190357,0.210402
-0.240801,-0.1622643,-0.1737102
-0.1080929,-0.1958959,-0.4535286
0.0566949,-0.1407347,-0.3435449
0.2468622,-0.0203755,-0.0248408
0.1776551,0.1453745,0.0513102
0.0126,0.1196112,0.0859173
-0.1037867,0.0161469,0.1323908
-0.1164633,-0.1114592,0.0687398
0.0425122,-0.1843888,-0.1419929
-0.0859265,-0.1740704,-0.1650367
-0.073098,-0.2147,-0.1794786
-0.0304857,-0.2433163,-0.0268143
0.0187765,-0.0573031,0.0323112
-0.0568143,0.0389316,0.0571214
-0.0370112,-0.0254541,0.1408592
-0.0554827,0.1325582,0.2379378
-0.0654735,0.2182765,0.0030694
-0.0148429,0.2402276,-0.0051071
-0.0115173,0.4157714,0.2585745
0.1305531,0.4035041,0.1401949
0.422601,0.3044122,-0.0504582
0.4501857,0.0614327,-0.0721286
0.0999469,-0.0554704,-0.1145418
-0.1749102,-0.1354592,-0.09835
-0.2579,-0.1942102,-0.0209418
-0.1228673,-0.0701347,0.0300459
-0.1347755,0.1311459,-0.0424388
-0.1718061,0.1091418,0.0592888
-0.1914898,0.112852,-0.0683439
-0.1512776,0.0230051,-0.0215684
-0.0899969,-0.1435949,0.1688622
0.0770786,-0.3412888,0.0893133
0.260549,-0.4199031,0.0419827
0.1951735,-0.2678316,-0.0421082
0.0977888,-0.1527959,0.0354724
-0.0068561,-0.0606327,0.1051235
-0.0676439,0.0521031,-0.0033408
-0.0770684,0.1891602,-0.0186122
0.0030459,0.2442173,-0.0411133
0.0942184,0.2595571,-0.124598
0.22655,0.1288867,0.0142786
0.1196357,0.0167663,-0.037652
0.022001,-0.0397898,-0.1232908
-0.0314582,-0.0426469,0.057598
-0.0283602,-0.0467602,0.0400265
-0.0415102,-0.042802,0.0042796
-0.0257031,-0.0285745,0.0278602
-0.0076561,-0.0032296,0.0207602
0.0505357,0.0542153,0.0272245
0.1085959,0.1417796,0.0078235
0.0801878,0.1648847,0.0058041
0.0133449,0.0776929,0.012249
0.0220122,0.002151,-0.0346969
0.0765704,0.0254429,-0.0592316
0.1487745,0.1226184,-0.0392071
0.0936051,0.0375571,0.1094878
0.0287469,-0.0692439,0.1599908
-0.0434439,-0.1697673,0.1299163
-0.1718755,-0.2457776,0.0673918
-0.2294582,-0.2235469,-0.3821663
-0.2660786,-0.0507571,-0.5873255
-0.2136969,0.1815755,-0.4161286
-0.2275806,0.2084041,0.0397602
-0.0402153,-0.1454265,0.4385827
0.159449,-0.2558357,0.2915684
0.1777531,-0.1794194,-0.5287939
0.0583745,-0.0240561,-0.5551663
-0.1694031,0.1257714,0.1880643
-0.2726296,0.0529408,0.1604755
-0.1745398,-0.0760776,0.0689
-0.0610939,-0.0251265,0.081652
0.100299,0.0107704,-0.0785439
-0.005002,0.1069816,-0.1081408
-0.1114827,0.1765929,0.0516878
-0.1753184,0.1265122,0.1157224
-0.1097051,0.0301888,-0.0319184
-0.0505633,-0.0798357,-0.0538184
0.0078418,-0.0955031,-0.1232214
0.0902235,-0.1101622,0.0629867
0.0492622,-0.0304439,0.1898633
0.0710949,0.1219806,0.0248929
0.0017673,0.2214888,-0.0084582
0.1776173,0.0155878,-0.1656582
0.2437582,-0.1887173,0.0088969
0.1559378,-0.1140122,0.0968
-0.1277888,-0.0519204,0.0973092
-0.350048,-0.0604449,0.0559918
-0.3223306,-0.0161092,-0.053601
-0.2096357,0.0576806,-0.0827735
-0.1402,0.0731918,-0.0068888
-0.0113418,0.0459398,0.0042918
0.1213561,0.0007031,-0.0308592
0.1534378,-0.0155367,0.0312724
0.1247163,0.0068378,0.0584735
0.1515449,0.0281806,0.0348204
0.1227469,0.0958541,0.0370735
0.139649,0.0761061,-0.0287776
0.1289378,-0.0522286,-0.0145776
-0.0500663,-0.0637469,-0.0328959
-0.1381684,-0.0406367,-0.0576112
-0.1495286,-0.0216143,0.0091643
-0.117648,-0.0164418,0.027348
-0.0103388,-0.0408755,-0.0247041
0.072549,-0.0541031,-0.0091316
0.0680939,-0.0480092,0.0229622
-0.0359918,0.0969235,-0.0142531
-0.0363867,0.1957806,-0.0561061
0.1769255,0.1069337,0.0239102
0.2129673,-0.01835,-0.0280796
-0.0229051,-0.0434041,-0.0449143
-0.0984735,-0.0866194,0.0104745
-0.0821878,-0.0845561,-0.0124153
-0.0396469,-0.0508459,-0.0430214
-0.021749,-0.0154602,-0.0107908
-0.0016541,-0.0093622,0.01245
0.0279347,-0.0243031,0.0075357
0.0403337,-0.0309378,0.0048214
0.0293337,-0.0160408,-0.0031653
0.0181347,-0.0012143,0.0119735
0.0058194,-0.0038204,0.0113276
0.0057888,0.0020306,0.0251082
0.0500918,-0.0104408,0.0435561
0.0558143,-0.0118816,0.0345122
-0.0077092,0.0390959,0.0619286
0.0810388,-0.0019765,0.0074612
0.0582939,0.0124663,-0.0116816
0.0330704,0.0010622,0.0165337
0.0413031,-0.0168796,-0.0364908
-0.0007847,-0.0398286,-0.0630786
-0.1327357,0.0378786,-0.0261735
-0.1150439,0.0832133,0.0078939
0.0118551,-0.0471418,-0.0391867
0.0159776,-0.029202,0.0261092
0.0142551,0.0209602,0.0008041
0.0208316,0.0455582,-0.0632939
0.0389041,0.0035704,-0.0777429
0.0399541,-0.0317398,-0.0510102
0.0048255,-0.0277704,-0.0357163
-0.0501204,-0.0153061,-0.049602
-0.0806929,-0.0010786,-0.0091398
-0.0624765,-0.0069388,0.0355388
-0.021598,-0.0025816,0.0291255
0.0185582,0.0033214,0.0243531
0.0451327,0.0006194,0.0174714
0.0603133,-0.0045857,0.017599
0.0561908,-0.0014051,0.0165878
0.037801,0.0088418,0.0219582
0.0244449,0.0163633,0.0226245
0.0203337,0.0189398,0.0176092
0.0193255,0.0231857,0.007399
0.0189888,0.0227296,0.0094255
0.0152398,0.0226663,0.0021714
0.0151561,0.0178561,-0.009601
0.0088439,0.0112296,-0.0151714
0.0049816,0.0065755,-0.0220878
-0.0021173,0.0024969,-0.0265286
-0.0160694,-0.0048653,-0.0295398
-0.0235969,-0.0132633,-0.0279867
-0.0162786,-0.0229071,-0.0165684
-0.0114673,-0.0181163,-0.0011306
-0.0064133,-0.0082612,0.0034735
0.0061541,-0.0034245,0.0006224
0.0110102,0.0029918,0.0049041
0.0102949,0.0031112,0.0053806
0.0078724,-0.003199,0.0075184
0.0090602,-0.0051276,0.0105592
0.0084235,0.0043755,0.0104949
0.0093122,0.0133041,0.0140398
0.0097878,0.009651,0.0066949
0.0045592,0.0081602,-1.12e-05
0.0124694,0.0080194,-0.0066306
0.0298408,0.0047153,-0.0070276
0.024451,-0.0068857,-0.0019449
0.0016786,-0.0170949,-0.0030684
-0.0136939,-0.0212898,-0.0073031
-0.001752,-0.0101388,-0.0051082
0.0193449,0.0084,0.0064898
0.0287459,0.0114092,0.0119082
0.0200571,0.0069153,0.0095939
0.0127959,0.0025551,-0.0041939
0.0061245,0.0028347,-0.0098408
-0.0065796,0.0073357,-0.0064878
-0.0097347,0.0054133,-0.00615
-0.0026122,0.0020612,-0.0094143
0.0040143,0.0013204,-0.0080449
0.0049041,0.0014357,-0.0067306
0.0053286,-0.0037571,-0.008852
-0.0017837,-0.0040582,-0.0049439
-0.0015622,-0.0022214,-0.0011582
0.0072153,-0.0005653,0.0034214
0.0090316,0.0025153,0.0089449
0.0098582,0.0005735,0.0052602
0.0137459,-0.0013949,0.0028408
0.0106776,0.0019837,0.0025194
0.0093439,0.0057173,0.0021051
0.0094806,0.0058837,0.003351
0.0085561,0.0020847,0.0001235
0.0104571,-0.0064765,-0.0015327
0.0066745,-0.0043408,-0.003848
0.0102276,0.0029082,-0.0010929
0.0105918,0.0044204,0.0009153
0.002698,0.0021418,-0.0050786
4.18e-05,0.0020173,-0.0070408
0.0001133,0.001698,-0.0053357
0.0042867,-0.0011633,-0.0033673
0.0058592,-0.00185,-0.0023286
0.0035663,-0.0007367,-0.0037367
0.0070908,-0.0007633,0.0027888
0.0075184,0.0014837,0.0012745
0.0056867,0.0016031,-0.0010898
0.0069959,-0.0021327,-0.0017959
0.0039561,-0.0011398,-0.0020194
0.0081663,0.0020173,0.0014735
0.0128286,0.0034224,0.0013459
0.0070724,0.0026551,0.0016612
0.0057173,0.0008776,-0.0030724
0.0045153,-0.0004408,-0.0007939
0.0055316,0.0009704,-0.0020531
0.0094867,0.0008908,0.0011031
0.0058265,0.0018551,-0.0028561
0.0040071,0.0002827,-0.0033214
0.0039429,-0.0019969,-0.0050857
0.0059041,-0.0005541,-0.0024602
0.0044327,0.0004051,-0.0021796
0.0018571,0.0021776,-0.0014051
0.008501,9.08e-05,-0.002002
0.0063684,-0.0001745,-0.0015173
0.0049367,0.0004439,0.0023367
0.0080388,0.0014173,-0.0014827
0.0064429,0.0033082,-0.0013592
0.0072429,0.00445,-0.0014755
0.0043316,0.0002041,-0.0007582
0.0020265,-0.0061235,-0.0006265
0.0082092,-0.0075459,-0.0035112
0.0138612,0.0017276,-0.0014367
0.0124929,0.006101,0.0039755
0.0026551,0.0061745,-0.0013827
-0.0003153,0.0055857,-0.0046316
0.0039184,0.0022398,-0.0003429
0.0040143,-0.0013235,-0.0036184
0.0058082,-0.0010133,-0.0020673
0.0069857,-0.0017347,-0.0022622
0.008698,-0.0027735,-0.0011714
0.0055408,-0.0022827,-0.0030694
0.0031347,-0.0002796,-0.0008
0.0052316,-0.0023173,-0.0009194
0.0062265,-0.0019224,-0.001152
0.0092357,0.0037837,0.0013592
0.010998,0.005002,-0.0004643
0.003798,0.0023837,0.0015459
0.0026735,0.0002561,-0.003752
0.005002,0.0012888,-0.0027918
0.007398,0.0018898,-0.0014367
0.0090561,0.0005643,-0.0030306
0.0055439,-0.0003439,0.0009163
0.0023398,-0.000702,-0.0028643
0.0066949,-0.0009,-0.0029622
0.0085582,0.0007459,-0.0025939
0.0064449,0.0008592,-0.0012673
0.0028092,0.000448,-0.0022459
0.0039878,0.0003061,0.0004673
0.00685,0.0018051,-0.0044633
0.0098418,0.0020704,-0.0010857
0.0053602,0.0018337,0.0001173
0.0034867,0.0004378,0.0004031
0.0037735,-0.0023204,-0.0014867
0.0087633,0.0005224,-0.0029837
0.0128357,0.002002,-0.0022367
0.0032296,0.0054143,0.0012459
0.001902,0.000449,-0.0028673
0.0047653,-0.0079888,-0.0045439
0.0053776,-0.0074184,-0.0042714
0.0100561,0.0023816,-0.0015571
0.0117439,0.0065347,0.0011673
0.0075724,0.0054633,0.002552
3.98e-05,0.0041663,-0.0036541
0.0014286,0.0022959,-0.0027735
0.0082061,-0.0003949,-0.0002418
0.0067173,-0.0016867,-0.0015194
0.007149,-0.0014663,-0.0008857
0.0075184,-0.0019592,-0.0040184
0.0055092,-0.0024673,-0.0006898
0.0058276,0.0002357,-0.0035663
0.004999,-0.0003418,-0.0006316
0.0034898,-0.0022673,-0.0015163
0.0073959,0.0011265,-0.0007337
0.0112816,0.0062469,-0.0011092
0.0064663,0.0027531,-0.0010235
0.0018439,0.0004408,-5.82e-05
0.004748,0.0011796,-0.002549
0.0066173,0.0013867,-0.0015367
0.0088255,0.0015092,-0.0018878
0.0045724,0.0015847,0.0019143
0.0027316,-0.0024796,-0.0045214
0.0074306,-0.0020847,-0.0060622
0.0081367,0.0017051,-0.001802
0.0064071,0.0015153,-0.0003653
0.0025286,-0.0003449,-0.0007459
0.0040949,0.0005102,-0.000948
0.0074163,0.0026714,-0.0033898
0.0083765,0.0008449,-0.0004061
0.0074745,0.0009796,0.0009408
0.0044857,0.0006163,-0.000349
0.0066286,4.59e-05,-3.67e-05
0.0091653,0.0001816,-0.0028112
0.0062306,0.0036878,-0.0032561
0.0025418,0.0053286,-0.0010592
0.0045612,-0.0042092,-0.0026592
0.0047827,-0.0098745,-0.0036245
0.007548,-0.0021592,-0.0037082
0.0128214,0.0081653,0.0005388
0.0089163,0.0062286,0.0039582
-0.0016765,-0.0002367,-0.0020908
0.0012235,0.0023551,-0.0045235
0.0091684,0.0037796,0.000501
0.0094806,-0.0007745,0.0003439
0.0050724,-0.0030735,-0.0029184
0.004551,-0.0008827,-0.0007306
0.0066806,-0.0011959,-0.0035551
0.0059224,9.29e-05,-0.0023918
0.0056714,0.0018857,-0.0003541
0.0052765,-0.0008092,-0.0002582
0.005651,0.0001041,-0.0010296
0.0057571,0.0021755,0.0001378
0.0092531,0.0032888,-0.0035184
0.0067745,0.0009541,-0.0009122
0.0053429,0.0014265,0.0002531
0.0050265,0.0014194,-0.0014776
0.0038429,-0.0006071,-0.0027
0.0061469,-0.0001184,-0.0030337
0.0058541,0.0011439,-0.0006724
0.005148,0.0009163,-0.0003908
0.0049286,-0.0009929,-0.0028051
0.0063643,-0.0017092,-0.0061531
0.0058735,0.000802,-0.0021306
0.0058122,0.0034388,0.000352
0.0046949,0.0022051,0.0011082
0.0049439,0.0005439,-0.00155
0.0068551,0.0008531,-0.002551
0.0109204,-0.0001357,-0.0020888
0.0099061,0.0012296,0.0004408
0.0048439,0.0064194,0.0019939
0.0010939,0.0012194,0.0013153
0.0010714,-0.0102918,-0.002799
0.0017459,-0.0102102,-0.0082837
0.0080449,0.0020449,-0.0044327
0.0183776,0.0082469,0.0006184
0.0125265,0.0060082,0.0029092
-0.0019,0.0011173,-0.001451
-0.0034816,0.0031867,-0.0028214
0.0025878,0.0042551,-0.0005367
0.0083082,-0.0020092,-0.0019888
0.008649,-0.00515,0.0002184
0.0077296,0.0024041,0.0006531
0.0081429,0.0054041,-0.0024582
0.0051969,0.0021571,-0.0032276
0.0030827,0.0009612,-0.0036255
7.45e-05,0.0003449,0.0002776
0.0026643,-0.0037633,0.0021286
0.0123571,-0.0015969,0.0006459
0.0144429,0.0034143,0.0006459
0.0108163,4.9e-05,-0.0014082
0.0040857,-0.0099398,-0.0010408
-0.001898,-0.0074429,-0.0032867
0.0041786,0.0041429,-0.0048571
0.0120602,0.004251,-0.0023745
0.0053929,0.0022245,-0.0031163
-0.0010571,0.0101041,0.000502
0.0044806,0.01305,-0.0018102
0.0070153,0.0074724,0.0028255
0.0028786,0.0001184,-0.0006878
0.0021224,-0.0011347,-0.0016122
0.0053541,-0.0028776,0.0009449
0.0107316,-0.0083847,-0.0003602
0.0139551,-0.01115,-0.0007786
0.0114531,-0.0094245,-0.0011582
0.0037296,0.0005724,-0.0016765
0.0015776,0.0063122,-0.0027735
0.0036122,0.0018776,-0.0008551
0.0057765,-0.0026918,-0.0032082
0.0040184,0.0047041,-0.0027143
0.0098786,0.0098235,-0.0020643
0.0075153,0.0084469,0.0022398
-0.0040898,0.0025663,0.0003816
0.0019224,0.0011316,-0.0041602
0.0090286,-0.0024612,-0.0012255
0.0108704,-0.0065561,-0.0011908
0.0060031,-0.0062592,-0.0014878
0.0072133,-0.0027541,-0.0021684
0.0060031,-0.0020745,-0.00135
0.0027888,6.94e-05,-0.0007286
0.0026061,0.0024337,0.0012592
0.0072796,0.0003224,-0.0037704
0.0090245,0.0019286,0.0001755
0.0072857,0.0037714,-0.0002939
0.0035071,0.0033163,-0.0003398
0.0036878,0.002001,-0.0026255
0.0059959,-0.0003459,-0.0016622
0.0098551,-0.0009857,5.41e-05
0.0049408,0.000348,0.0009622
0.0028041,0.0029163,-0.0011724
0.0058592,8.06e-05,-0.0045194
0.00625,0.0003827,-0.0047378
0.0068745,0.0024908,-0.0008806
0.0024041,-0.0015898,0.0009796
0.0012622,-0.001298,-0.001848
0.0062357,0.0014571,-0.0021112
0.0102714,0.0022959,-0.00065
0.0110367,-0.0024316,-0.0032306
0.0186867,-0.0074051,-0.0060102
0.0319816,-0.0149531,-0.0043224
0.0575735,-0.0241714,0.0026745
0.0570173,-0.0092163,0.0118663
0.0279337,0.0194622,-0.0007837
-0.006399,0.0185847,-0.0146704
-0.0744184,0.0188582,-0.0165755
-0.0829816,0.0070602,-0.0064255
-0.0255429,-0.0094224,0.0256337
0.0145,-0.0038378,0.0342194
-0.0023857,0.0217327,0.0009327
-0.0106929,0.02945,-0.0263837
0.0539378,-0.0131378,-0.0357745
0.1051643,-0.047651,-0.0319051
0.0933776,-0.0526878,0.0051551
0.0546204,-0.0160898,0.0183765
0.0099102,0.0235173,0.0095867
-0.0789949,0.0417245,-0.0185551
-0.1594061,0.024999,-0.0248102
-0.1213408,-0.0211786,-0.0018031
-0.0361776,-0.0376449,-0.009852
0.0060061,-0.0097133,-0.0275735
0.023801,0.0133184,-0.01975
0.0276306,0.0111959,-0.0223704
0.0268429,0.0008357,-0.0285439
0.0707347,-0.0329551,-0.0064469
0.11945,-0.0745143,0.0281694
0.1111827,-0.0587918,0.051748
0.0446357,0.01755,0.0381224
-0.0547082,0.0930959,0.0100918
-0.113998,0.1069969,0.0088071
-0.0810153,0.0171367,0.0266051
-0.0520224,-0.042552,0.0086276
-0.029951,-0.038652,-0.0176347
0.0124551,-0.0073663,-0.018001
0.0573112,0.0211061,-0.013548
0.0674459,0.0198306,-0.0314694
0.0139153,-0.0041449,-0.0225796
-0.042002,-0.0228622,-0.0016908
-0.0433031,-0.016148,0.0172459
0.0111051,0.0102296,0.0304847
0.052898,0.0167255,0.0327704
0.0628429,-0.001352,0.0154286
0.0517786,-0.0240684,0.0084041
0.0366888,-0.0258112,-0.0039714
0.0190959,-0.0048102,-0.0110888
-0.0047969,0.0076724,-0.0099806
-0.0214551,0.0052724,-0.0149041
-0.0224663,-0.001199,-0.0198959
-0.0136153,-0.0019388,-0.0140867
0.004348,0.0019469,-0.0125867
0.0296673,-0.0040541,-0.0059745
0.0489898,-0.0259959,0.0040735
0.0443265,-0.0429031,0.0048796
0.0175776,-0.0158959,0.0066602
-0.0116357,0.0452582,0.0154459
-0.0475214,0.0849327,0.0065357
-0.0606082,0.0370684,-0.001549
-0.0545214,-0.0183194,0.0113694
-0.018551,-0.0139908,0.0040061
0.0283,0.0056214,-0.0144429
0.0695153,-0.0003602,-0.0167867
0.0822796,-0.004601,0.0009255
0.0397255,0.0133367,0.0212051
-0.0066786,-0.0025276,0.0085367
-0.0251806,-0.024698,-0.0061071
-0.0304265,-0.0169827,-0.0018398
-0.0034184,0.0054276,0.0044408
0.0319776,0.0029041,0.0042969
0.043398,-0.0157847,-0.0079959
0.0181316,-0.0086061,-0.0125153
-0.0061153,0.0044327,-0.0176224
-0.0196092,0.0070908,-0.0154673
-0.0351357,0.0042847,-0.012551
-0.0263592,0.0011153,-0.0011786
0.007348,0.0063184,-0.0012673
0.0308765,0.0118388,0.0035235
0.0293265,0.0029602,0.0004786
0.0063204,-0.0085541,-0.0030847
-0.0055898,-0.0049602,-0.0011908
0.0028969,0.0005622,0.0093602
0.015498,-0.0094071,0.0112224
0.0161551,-0.020402,0.0067469
0.0145959,-0.0112469,-0.000902
0.015402,0.0074949,-0.0053112
0.0168633,0.0165408,-0.0071306
0.0109592,0.0176776,-0.0028602
-0.005901,0.0125429,0.0006204
-0.0156684,0.0020163,-0.0002929
-0.0196173,0.0090714,-0.0048286
0.0083786,0.0190878,-0.0074255
0.0344571,0.0020755,-0.0028449
0.008849,-0.0201041,-0.0005112
-0.0117449,-0.0290296,-0.0091755
-0.0029357,-0.0194214,-0.0100194
0.030748,-0.0109704,-0.0101214
0.084299,-0.0239,0.0027735
0.1115316,-0.0063694,0.0236531
0.0568398,0.0446306,0.0329347
-0.0598112,0.0635082,-0.0010602
-0.1470745,0.0298816,-0.0320102
-0.1138082,-0.0222867,-0.0121163
-0.03565,-0.0314204,0.0203327
0.037398,-0.0113827,-0.000299
0.1200408,-0.016002,-0.0198469
0.1687469,-0.0132122,-0.0032582
0.0976194,0.0095408,0.0032684
-0.0434337,0.0282796,-0.026152
-0.1483633,0.029501,-0.027998
-0.1308929,-0.0078755,0.0075837
-0.0622367,-0.0138388,0.026001
0.0049296,0.0118541,0.009199
0.083201,0.0077235,-0.0134837
0.1462571,-0.0217041,-0.0128265
0.1403163,-0.046952,-0.0184378
0.0711255,-0.0066459,-0.0054959
-0.0372071,0.048601,-0.0108673
-0.1404867,0.0453776,-0.0109306
-0.1499337,-0.0408265,0.0050378
-0.0917806,-0.0591153,0.0163949
0.0086388,-0.0001939,0.0117347
0.1273633,0.0099031,-0.012648
0.195799,-0.0100388,-0.0100163
0.1078398,0.008299,-0.0165153
-0.0581245,0.0307765,-0.037051
-0.127148,-0.0059541,-0.0219918
-0.1006337,-0.0515867,0.0200816
-0.05675,-0.0219,0.0418765
0.0143898,0.0068388,0.0205398
0.1009122,-0.0040388,-0.0123816
0.1494306,-0.0125724,-0.0218888
0.0793388,-0.000251,-0.0286235
-0.0313347,0.0099714,-0.0269133
-0.0806735,-0.0059265,0.0052082
-0.0941724,-0.020449,0.0216786
-0.0596071,-0.0209745,0.0210612
0.0020429,-0.0079112,0.0094643
0.019948,0.0352245,-0.006848
0.0232367,0.0473582,-0.016901
0.0080663,0.0054143,-0.0323786
-0.0120286,-0.0467,-0.031298
-0.014651,-0.0479633,-0.0121918
0.0061276,0.0069235,0.0259204
0.0412878,0.0341888,0.0391082
0.0650235,0.0138796,0.0414735
0.0544592,0.0009816,0.0439643
0.0276531,0.0068173,0.0307908
0.0078888,-0.0003786,0.001498
-0.0018,-0.021198,-0.0147622
-0.00125,-0.0222898,-0.01635
0.0157163,-0.0023153,-0.0158582
0.0279102,0.0145827,-0.0142969
0.00735,0.0126276,-0.0153173
-0.0203,0.0034388,-0.0161
-0.0308694,-0.0014337,-0.0168286
-0.015598,-0.0040153,-0.011
0.0034837,-0.0012398,-0.0004449
0.0155112,0.0041704,0.005148
0.0205235,0.0105082,0.0122959
0.018401,0.0128347,0.0143214
0.0115592,0.0096143,0.0129541
0.0056694,0.0055061,0.0080633
0.0101878,0.0039071,0.0081041
0.0163469,0.0036051,0.0077929
0.0175,0.0031898,0.0033755
0.0161653,-0.0003469,0.0008255
0.0097367,-0.0052255,-0.0087888
0.0003612,-0.0070296,-0.0103204
-0.0004,-0.0054959,-0.0080194
0.0025378,-0.0008204,-0.0082469
0.0006367,0.0032786,-0.0056194
0.0010255,0.0044439,-0.0025724
0.005002,0.0015429,-0.0044643
0.0048857,0.0013367,-0.0024867
0.0031592,0.0033755,-0.0003316
0.0012286,0.0027959,0.0002296
0.0052265,0.0027061,0.0004265
0.0099429,0.0019255,0.0037276
0.0104633,0.0013429,0.0039929
0.0096704,-0.0003786,0.0022898
0.0074143,-0.0016245,0.0020143
0.0096551,-0.0025286,-0.000552
0.006798,0.0031888,-0.0016235
0.0061296,0.0071418,-0.0017347
0.0084806,-0.000752,-0.0021439
0.0066031,-0.0093316,-0.0031398
0.0041939,-0.0054816,-0.0054286
0.0079255,0.0050398,6.73e-05
0.0106133,0.0076031,0.0030847
0.0025408,0.004301,-0.0041816
-0.0012163,0.0033286,-0.002599
0.0051102,0.003348,-0.0059276
0.0085816,-0.0020398,-0.0006939
0.0053469,-0.0025786,-0.0015337
0.0028306,-0.0005918,-0.0021755
0.0050408,-0.0014133,-0.0021673
0.0058816,-0.0004316,0.0011133
0.0079898,-0.0005235,-0.0007051
0.0071918,-0.0019296,2.55e-05
0.0076224,0.0009153,-0.0016571
0.0081173,0.0017102,0.0037857
0.0093398,0.0009071,0.0003194
0.0060653,0.0021214,-0.0027765
0.0062316,0.0024694,-0.0023531
0.0059786,-0.0010959,-0.0042173
0.0045367,-0.0015204,-0.0005571
0.005498,0.0005337,-0.0008439
0.0060357,0.0028092,-0.0044276
0.00515,0.0034388,-0.0035296
0.0045724,0.0013051,-0.0037663
0.0032173,-0.0002276,-0.0030939
0.0043041,0.0025347,0.0014408
0.0086612,0.0016327,-0.0016051
0.0103173,-0.0031133,-0.0019969
0.0103878,-0.0037133,-0.0049235
0.0206357,-0.0047337,-0.0006214
0.0224163,-0.0082102,0.0048827
0.0086357,0.0043163,0.0015816
-0.0036061,0.0152133,-0.0008929
-0.018101,0.0098969,-0.0017959
-0.0238735,0.0008357,-0.0018939
0.0026133,-0.004798,-0.0097857
0.0285653,-0.0079449,-0.0020041
0.0219367,-0.0042347,0.0064255
0.0132255,-0.0018224,0.0005408
0.0080316,0.0010765,-0.0058214
-0.0062122,0.000752,-0.0018459
-0.0025224,-0.00045,0.0015857
0.0047408,0.0003571,3.47e-05
0.0044643,0.0016939,-0.0004786
0.0057429,0.0076541,-0.0063459
0.0083347,0.0077459,-0.0012429
0.0004041,-0.0011582,-0.0024112
-0.0043102,-0.0033459,-0.0058439
0.0045949,-0.00255,0.0014224
0.0208541,-0.0035245,0.005151
0.0230786,-0.0027286,0.0068102
0.0149612,-0.005349,0.0031459
0.0050418,-0.001752,-0.0025827
-0.0004929,0.0039888,-0.0001857
0.000898,0.0065939,-0.0036204
0.0069786,0.0025908,-0.0031469
0.0069061,0.0010837,-0.004552
0.002801,-0.0031122,-0.0021949
0.0025224,-0.0085398,-0.007401
0.0059061,-0.004901,-0.0065082
0.0075153,0.0027684,-0.0014939
0.0062,0.0036796,0.0015857
0.0025745,0.0031112,0.0035071
0.006551,0.0073592,0.0015337
0.0075388,0.0122561,-0.0021551
0.0058327,0.0070592,0.000898
0.0045551,-0.0046173,0.0001296
0.0074959,-0.0111082,-0.0019388
0.0083245,-0.007452,-0.0021418
0.0150735,0.0018092,0.0012684
0.0100612,0.0010908,0.0018786
0.0021092,-0.0004286,-0.0024561
0.0010306,0.0031939,-0.0058673
0.0056439,0.0050969,-0.0055612
0.0053622,0.0006235,-0.0015204
0.0030051,-0.0040959,-0.0006827
0.0045622,-0.0024704,-0.0020551
0.0072684,0.0017061,-0.0060469
0.0095347,0.0036796,-0.0013378
0.0046296,0.0004837,0.0030235
0.0004765,-0.0049235,0.0023276
0.0045939,-0.0026367,-0.0022408
0.0113122,0.0049092,-0.0014398
0.0126173,0.0108796,0.0024939
0.0061388,0.0071735,-0.0022316
0.0012918,-2.55e-05,-0.0033316
-0.0008908,0.0003561,-0.0041755
0.0032459,0.002302,-0.0027102
0.0080704,-0.0001622,-0.0006633
0.0085439,0.0008367,-0.0004735
0.0105429,-0.0018643,0.0013082
0.0058837,-0.0044276,-0.0043816
0.0046265,-0.0021867,-0.0005398
0.0058694,0.0017929,0.0007357
0.0099163,-0.0008143,-0.0015398
0.0060388,0.0003663,-0.0033796
0.0035204,0.0007633,-0.0011061
0.0028643,0.003999,-0.0006551
0.0067,0.0040592,-0.0036796
0.0095031,0.0003061,-0.0058194
0.0061316,-0.0062378,-0.0010714
0.0011561,-0.002349,0.0012388
0.008302,0.0068857,0.0028551
0.0144449,0.0084816,0.0005082
0.0042582,0.004451,-0.0028276
0.0008867,0.0021561,-0.0046214
0.00325,0.0006163,-0.0004612
0.0077204,-0.0030327,-0.0017133
0.0084939,-0.0031296,-0.002201
0.0061969,-0.0031214,-0.00175
0.0049898,-0.0041194,-0.0028704
0.005098,0.0014704,-0.0025969
0.0059541,0.0004327,-0.0006684
0.0032806,-0.0016133,0.0011673
0.0066255,0.0003143,-0.0024929
0.0112102,0.0034388,0.0015765
0.0108071,0.0036531,0.0017378
0.0040296,0.0028194,-0.0023959
0.0030582,0.0035367,-0.001902
0.0045714,0.0018918,-0.0017673
0.0049204,-0.0007378,-0.0010388
0.0064867,0.000252,-0.0020969
0.0064776,0.0008276,-0.0053449
0.0047929,-0.0004439,-0.0024653
0.0041939,-0.0015531,-0.0016653
0.006198,-0.0004,-0.0012541
0.0077592,0.0021827,-0.0024184
0.0055959,0.0012347,0.0001449
0.0044867,-0.0015816,-0.0013122
0.0083214,-0.0023429,-0.0007663
0.0105663,0.0012796,0.0004143
0.0055224,0.0067112,-0.0017163
0.0015561,0.0045235,0.0003102
0.0049939,-0.0031092,-0.0024265
0.0099827,-0.0072,-0.0050622
0.007652,-0.0036418,-0.0025684
0.010349,0.0048908,0.0025265
0.0093806,0.0053714,0.0032327
-0.0003888,0.0023847,-0.0029561
0.0011429,0.0013908,-0.0067745
0.0072112,0.0018827,-0.0030143
0.0058929,-0.0010337,-0.0014133
0.0027949,-0.0025214,8.78e-05
0.0057796,-0.0008735,-0.0020714
0.008849,-0.0010612,-0.0008786
0.0082276,3.16e-05,-0.0040898
0.0035857,0.0015041,0.0004357
0.0033429,0.0005551,0.0017776
0.0063939,-0.0006827,0.0007306
0.0116469,0.0033357,-0.0020102
0.010499,0.002752,-0.0016612
0.0032112,-0.000798,-0.0013286
0.0034367,0.0006939,-0.0026704
0.00765,0.0015765,-0.0009847
0.0057418,0.001352,-0.0028531
0.0061,0.0013041,-0.0014776
0.0048827,-0.000349,-0.0005755
0.0052847,-0.0006633,-0.0044163
0.0063551,0.0006551,-0.002298
0.0059469,0.0003071,-0.0029449
0.0041867,-0.0009714,-8.16e-05
0.0032378,-6.84e-05,-0.0014286
0.0090173,0.0010112,-0.0017857
0.0098857,0.0020643,0.0007112
0.0049398,-6.1e-06,0.0005235
0.0054133,-0.0006449,-0.0035143
0.0075316,0.0027276,-0.0005745
0.0075612,0.0036694,0.0001163
0.0037357,0.0036235,-0.0016337
0.0043969,-0.0017714,-0.0033582
0.0047235,-0.0074806,-0.0043735
0.0062061,-0.0059194,-0.002251
0.0109255,0.0030816,-0.001098
0.0121582,0.0059745,0.0019102
0.0017857,0.0057429,0.0013776
-0.0017388,0.0048561,-0.0033439
0.0047133,0.0033582,-0.0059796
0.0096378,0.0013633,-0.001148
0.0044235,-0.0018306,0.0020878
0.0029327,-0.0025347,-0.0007
0.0061796,-0.0035857,-0.0041827
0.0084571,-0.001149,-0.0039378
0.007301,-0.002151,0.0014429
0.0062735,-0.0014694,-0.0001265
0.007798,-0.0010133,0.0003867
0.0085388,0.0040776,-0.0019663
0.0094071,0.0059051,-0.0011755
0.0110633,7.1e-06,-0.0061347
0.0455561,-0.0324888,-0.0089112
0.073299,-0.0391571,-0.0012959
0.039901,0.0266878,0.017049
-0.0278857,0.0631367,0.0008816
-0.092602,0.0338092,-0.0267847
-0.0911888,-0.0132469,-0.0182153
-0.0298153,-0.029202,0.0007949
0.0454561,-0.0202653,0.016002
0.0673541,-0.0102235,0.0007663
0.0498163,-0.0215459,-0.0137582
0.0454337,-0.0283735,-0.0080908
0.0298398,0.0146327,-0.0047418
-0.0163061,0.0496571,-0.0039184
-0.0716337,0.0239133,-0.008051
-0.0621061,-0.013002,-0.0024684
-0.0042765,-0.0128245,-0.0002867
0.0530633,-0.0105429,-0.0038112
0.0647551,-0.008399,-0.0022245
0.032049,0.0043143,-8.57e-05
-0.0162806,-0.0081571,-0.0070796
-0.0362663,-0.0181684,-0.0140245
-0.012298,0.0005888,-0.0026796
0.0265224,0.0129531,0.0166051
0.0490755,0.0034469,0.01755
0.0315122,0.0061745,0.0013031
-0.0050449,0.011149,-0.0179051
-0.0304735,-0.0165316,-0.0220173
-0.0291276,-0.0305908,-0.0071622
-0.0055745,0.0014806,0.0091939
0.0246582,0.0111133,0.0101857
0.0459724,-0.0044306,0.0007918
0.0454051,0.0063969,0.0009704
0.0109622,0.0197469,-0.001302
-0.0355459,-0.0052745,-0.006399
-0.0469694,-0.0305082,-0.00345
-0.0150622,-0.0132286,0.0025898
0.0568786,-0.0061102,-0.0039357
0.1060816,-0.0151888,-0.0006235
0.0653684,0.0048592,0.0130561
-0.0265133,0.0338,-0.0058265
-0.0909082,0.0179122,-0.0130949
-0.0832796,-0.0300949,-0.0127867
-0.0137133,-0.0369459,-0.0042143
0.1133102,-0.0258622,0.0107214
0.1554306,0.0150296,0.0274786
0.0423245,0.0504449,0.0084847
-0.0855286,0.0321316,-0.0306296
-0.1217184,-0.0274398,-0.0264806
-0.0894898,-0.0409806,-0.0026806
-0.0190592,-0.0039143,0.0115969
0.0261786,0.0220929,0.0067286
0.0510388,0.0230735,-0.0022214
0.1120296,-0.0218704,-0.0098633
0.1254816,-0.0467827,-0.0050041
0.0463429,-0.0027663,0.0004449
-0.0489194,0.0343888,-3.16e-05
-0.1140204,0.0141929,0.0026214
-0.0922582,-0.0400418,-0.000299
-0.0279082,-0.0436388,0.0019398
0.0318224,-0.0047959,0.0003133
0.0639429,0.0151194,-0.0104276
0.0743041,-0.0068051,-0.0176663
0.0918806,-0.0253663,-0.0135194
0.0475276,0.0185684,0.0038633
-0.0507827,0.0475816,-0.0069306
-0.1046082,0.0141071,-0.0181041
-0.0788041,-0.0351867,0.0133163
-0.0204878,-0.0373847,0.0244837
0.0358878,-0.0084041,-0.0043745
0.0397255,0.0239184,-0.0195408
0.0071969,0.0380847,-0.0208
-0.0200245,0.0264082,-0.0155827
-0.0260878,0.0028082,-0.0084429
-0.0157643,-0.022449,-0.006452
0.0086112,-0.0266061,0.0107714
0.0389265,-0.0150286,0.0218663
0.0615653,-0.005602,0.0156541
0.0607755,-0.0083673,0.0049745
0.0283388,-0.0153867,0.0020582
0.0003061,-0.0149449,0.0032235
0.0011357,-0.0056602,-0.002301
0.0051827,0.0075143,0.0014041
0.0046316,0.0067235,-2e-06
0.0038847,0.0020357,-0.0085755
0.0029153,0.0061378,-0.0109969
0.0035582,0.0123918,-0.0116714
0.0030878,0.0092735,-0.009501
-0.0009459,-0.0014959,-0.0068459
-0.0026622,-0.0040827,-0.0062704
0.0008837,0.003949,-0.0041847
0.0086663,0.0099816,0.003998
0.0129541,0.0022867,0.0067531
0.0082122,-0.0049918,0.0077245
0.0088071,2.04e-05,0.0052449
0.0133827,0.0032561,0.0033194
0.0173204,0.0033816,-0.000602
0.0200796,0.0002112,-0.0006449
0.0213571,5.61e-05,-0.0013653
0.0093755,0.0038806,0.0002245
-0.0169561,-0.0015214,-0.0036316
-0.0283735,-0.0248224,-0.0092286
-0.0090224,-0.0234388,-0.0110745
0.0139694,0.0053051,-0.0004592
0.0295265,0.0152245,0.0050276
0.0201592,0.0108327,0.0044888
-0.0011449,0.0127296,-0.0083592
-0.0014296,0.0218235,-0.0052531
0.0010224,0.0177878,0.0065418
-0.0017939,0.000351,0.0082469
0.005951,-0.0073082,0.0008704
0.0165214,-0.0055857,0.0001857
0.0195398,-0.0161378,-0.0070265
0.0071204,-0.0320429,-0.0121153
-0.0033541,-0.0243214,-0.004448
0.0041327,0.0020929,0.0002204
0.0095224,0.0125571,0.0053133
0.0105704,0.0098469,0.0031469
0.0085388,0.0092214,-0.0014888
0.0026714,0.0074939,-0.0007827
0.0001694,0.0022265,-0.0016582
0.00435,-0.0052816,-0.0025031
0.0048082,0.0004194,-0.009002
0.0092143,0.012298,-0.0035082
0.0144888,0.0104429,0.0027765
0.003849,-0.0009827,0.0016857
-0.0023541,-0.0011684,-0.0019776
0.0034061,0.0031296,-0.0018469
0.0096429,0.0007449,0.0013765
0.0106163,-0.0032867,0.0013439
0.0096418,-0.0068571,-0.0010653
0.0061418,-0.0078949,-0.0018806
0.0066612,-0.0046827,-0.0050051
0.0080469,-0.0036959,-0.0043194
0.0045765,-0.002348,0.0014837
0.0036469,0.0029786,0.0020133
0.0088694,0.0069224,-0.0025612
0.0068327,0.0097745,-0.0025459
0.0011704,0.0085908,-0.0040469
-0.0004173,-9.69e-05,-0.004199
0.0009214,-0.0043939,-0.0031163
0.0013378,-0.0012082,-0.0063102
0.0105347,0.0042663,0.0015541
0.0150378,0.0066633,0.0033347
0.0095857,0.0034673,0.0033939
0.005148,0.00185,0.0021776
0.0072408,-0.0006592,0.0002592
0.00775,-0.0041306,-0.0008684
0.0075418,-0.0038398,-0.0018082
0.0083306,-0.0017939,-0.0017735
0.0071316,0.0014071,-0.00135
0.0067561,0.001151,0.0011449
0.0074112,-0.0004306,-0.003401
0.0048582,-0.0029755,-0.0043571
0.0037429,-0.0014633,-0.0035459
0.007998,0.0034582,0.0002214
0.0091051,0.0051745,-0.0010643
0.0037122,0.0045224,-0.0018224
0.0022541,0.0029408,-0.0021163
0.0042776,-0.0003561,-0.0031388
0.0038561,-0.0005633,-0.0006133
0.0062939,-0.0002367,-0.0021316
0.0095622,-0.0007041,-0.0020112
0.0069908,-0.001149,0.0007153
0.0051806,-0.0010684,-0.0039939
0.0078633,-0.0018163,-0.0025102
0.0074439,0.0014214,-4.18e-05
0.0046612,0.0030755,0.0021163
0.0043102,0.0013592,-0.0018163
0.0059561,-0.000751,-0.0030133
0.0073,-0.0004929,-0.0025867
0.0088867,0.0008929,-0.0008153
0.0056643,0.0011622,-0.0005643
0.003299,0.0062704,-0.0019694
0.0049255,0.0017184,-0.003149
0.0062602,-0.0046571,-0.0028918
0.006902,-0.0049837,-0.0008602
0.0117531,7.76e-05,-0.0030602
0.0115327,0.0005153,0.00295
0.0042561,-0.0043857,-0.0033745
-0.0004622,0.0004959,-0.0042
0.0001041,0.010198,-0.0013929
0.0046316,0.0113714,0.0026837
0.0066429,0.0010796,-0.0010633
0.0078643,-0.0041724,-0.0019918
0.0090245,0.0003388,-0.000751
0.0076357,-0.0021531,-0.0006908
0.0030102,-0.0089633,-0.0023612
0.0055837,-0.0089102,-0.0029582
0.0046184,0.0020969,-0.0016031
0.0080449,0.0049408,-0.0011173
0.0136204,0.004399,-0.0003653
0.0084418,0.0053969,0.0014276
-9.2e-06,0.0044816,0.0004378
-0.0007143,0.0050867,-0.0035224
0.00505,0.0011398,-0.0037388
0.0026714,-0.0013133,-0.0018
0.0067235,-0.0012061,0.0014367
0.0098898,-0.0005173,-0.0015143
0.0145061,7.1e-06,0.0008837
0.0154092,-0.0031969,0.0005051
0.0162071,-0.0085367,-0.0031592
0.0198786,-0.0094173,-0.0087316
0.0233959,-0.019848,-0.0088163
0.0143735,-0.0191673,-0.0043612
-0.0136755,0.013302,0.0016
-0.0353092,0.0302347,-0.0018
-0.0198918,0.0161459,-0.0060378
0.0219112,0.0067041,0.0056122
0.0257337,0.0189735,0.0088888
0.0032663,0.0125245,-0.004399
-0.0096643,0.008649,-0.0074867
-0.0028918,0.0049837,-0.003801
0.0060255,-0.007049,-0.0049235
0.0031704,-0.005402,-0.0004235
0.0020061,-0.0020245,0.0087398
0.0058908,-0.0054531,0.0013939
0.0121571,-0.0078561,-0.0042224
0.0163347,-0.0131316,-0.0043306
0.018451,-0.0156378,5.2e-05
0.0070622,-0.0036041,0.0065459
-0.0074724,0.0002816,0.004202
-0.0009306,-0.0046204,-0.0032857
0.0080459,0.000452,-0.0061378
0.0053031,0.0010816,-0.0046388
0.0017622,-0.0086724,-0.0031388
0.0052296,-0.0072388,-0.0092306
0.0072745,0.0092082,-0.0043041
0.0082816,0.0203459,-0.0006541
0.0078531,0.0193806,0.0023388
0.0020347,0.0160806,0.0014694
0.0001929,0.0089776,-0.0029531
0.0040847,0.0041439,-0.001502
0.0119847,0.0069245,0.003252
0.0181755,0.0049347,0.0056235
0.016999,-0.0032776,0.0043347
0.0098306,-0.0084224,0.0016469
0.0063071,-0.0111429,-0.0038194
0.0093908,-0.0159449,-0.0060847
0.0096357,-0.0217439,-0.00895
0.0001571,-0.011151,-0.003098
-0.0035112,-0.0008582,-0.0034816
0.0004316,-0.0026867,-0.0050245
0.0009857,0.0015847,-0.0048786
0.0004439,0.0111673,-0.0056337
0.0062337,0.0197633,0.0012929
0.008551,0.0154041,0.0052837
0.0066541,-0.001498,0.0055612
0.0041449,-0.0059153,-0.0007153
0.0068255,0.001499,-0.0029316
0.0153724,0.0071755,-0.0005806
0.0132327,0.0038776,0.0024061
0.0055602,-0.0016092,0.0026469
0.0032378,-0.0005265,-0.0013429
0.0023684,-0.0001765,-0.0008408
4.08e-05,-0.0026551,-0.0054571
0.0027837,0.0013755,-0.0080347
0.0148735,0.0044306,0.0001755
0.0096286,-0.0028673,0.0005265
0.0048173,-0.0061908,-0.0024561
0.0056714,9.2e-06,-0.0011622
0.0041796,0.0047592,0.0029724
0.0042133,0.0018561,0.002902
0.0099235,0.0006102,-0.0012418
0.0115582,0.0018663,-0.0014459
0.0078296,0.0022102,-0.0001163
0.0045316,0.0012316,-0.0037867
0.0028265,0.0023755,-0.0043245
-0.0003816,0.0024357,-0.0040531
0.0025429,0.0011724,-0.0023092
0.0065153,0.0005673,-0.001351
0.0083418,-0.0012245,-0.0041724
0.0076316,-0.0024602,-0.0027673
0.0058306,-0.0016704,0.0005612
0.0048316,-3.57e-05,0.0003112
0.0056102,0.0016765,-0.0006133
0.0059622,0.0008408,0.0015684
0.0075939,-0.0005714,-0.0004531
0.0114265,0.0015663,-0.0002347
0.0083367,0.0038592,-0.0012939
0.0021337,0.0040663,-0.0008704
0.0025163,-0.0009755,-0.0046439
0.0047051,-0.0048449,-0.0027224
0.0044684,-0.0055724,-0.0022163
0.0107694,0.0009133,-0.0014459
0.013702,0.0073224,0.0033153
0.0065204,0.0041102,-0.0001663
-0.0006214,0.0003531,-0.0047459
0.0015122,0.0030316,-0.0023949
0.006102,0.0014357,-0.0014602
0.0061143,-0.0012694,-0.0036449
0.0056102,-0.0021847,0.0004541
0.0063571,-0.001999,-0.0031224
0.0057102,7.24e-05,-0.0006582
0.0061102,-0.0004622,-0.002498
0.0054796,1.63e-05,0.0012714
0.0059276,5.1e-06,0.0011908
0.0082531,0.0027735,-0.0003439
0.0105918,0.0028184,0.0010204
0.0090918,0.0021378,-0.000298
0.0039449,0.0024204,-0.0034531
0.0032031,-0.00065,-0.0032041
0.0040602,-0.0012449,-0.0025061
0.0050459,0.0009694,-0.0040459
0.00625,0.0011,-0.0008531
0.0065296,0.0010571,-0.0020367
0.0042918,-0.0008184,-0.0041449
0.004251,-0.0007663,-0.0021102
0.0054357,0.0004918,-0.0025235
0.0060888,0.0012449,-0.0019388
0.0051204,0.0013214,0.0022173
0.004649,0.0009245,0.0016378
0.0088082,-0.0006786,-0.0023837
0.0106224,0.0010265,-0.0004153
0.0052765,0.0035745,0.0007918
0.0056929,0.0009847,-0.0010143
0.0037837,0.0025163,-0.0038112
0.0035745,0.0032051,-0.0018102
0.0052327,-0.0055306,-0.0022061
0.0066398,-0.0086306,-0.0041316
0.0094878,0.0001602,-0.0013306
0.013352,0.0065398,-8.67e-05
0.0082429,0.0030663,0.0023745
-0.0036847,0.0009531,-0.0040776
-0.0015643,0.0031224,-0.0038765
0.0078296,0.0026133,-0.0017112
0.0094439,-0.0008806,-0.0004408
0.0076561,-0.0002459,-0.0017051
0.0062327,-0.000502,-0.001702
0.0058102,4.9e-05,0.0007306
0.0054561,0.0011469,0.0008245
0.0056602,-0.0005051,-0.0030378
0.0061531,-0.0031439,-0.0017765
0.0064643,0.0011898,-0.0003929
0.0092286,0.0032929,-0.0011173
0.0068776,0.0007122,-0.0012061
0.0034867,0.0003204,-0.0008806
0.0033908,-0.0006224,-0.0048194
0.0045959,-0.0003398,-0.0023235
0.0047316,0.0009184,-0.0021929
0.0084918,0.0008153,-0.0008143
0.0087918,0.0012867,-0.0001571
0.0069347,0.0024459,-0.0035724
0.0058663,0.0030112,-0.0023265
0.0018163,0.0026153,0.002101
0.0036,0.0011265,-0.0020776
0.0060418,0.000352,-0.0016041
0.009299,-0.0005949,-0.0038827
0.0105133,-0.0008102,-0.0007653
0.0043908,-0.0033061,-0.0014469
0.0044969,-0.0020673,0.0002541
0.0050071,0.0004929,-0.0016357
0.0042724,0.0049378,-0.0006327
0.0080531,0.0007827,-0.0025633
0.0089449,-0.0048143,-0.0029724
0.0075337,-0.0050612,-0.0034531
0.0052153,0.0016898,-0.0022204
0.008402,0.0085704,0.0027602
0.0059765,0.0094296,0.0004061
0.0009,0.0042306,-0.0036357
0.0043878,0.002352,-0.0055204
0.00595,-0.0011245,-0.0003071
0.0041878,-0.0046306,-0.0014765
0.0039184,-0.0062704,-0.0016367
0.0092745,-0.0053296,-0.0019184
0.0109051,-0.005149,-0.0020888
0.0091653,0.0010429,-0.0014582
0.0030908,0.0012551,-0.0022357
-0.0007898,0.0020949,0.0008806
0.004048,0.0027796,-0.0014041
0.0106337,0.0061551,-0.0004031
0.0093367,0.0072061,0.0019439
0.0056949,0.0016827,-0.0038714
0.0040071,0.0003663,-0.0019888
0.0050847,-0.0011286,-0.0026776
0.0040745,-0.0022316,-0.0011286
0.0085245,0.0002286,0.0005122
0.008548,-3.88e-05,-0.0007184
0.0077714,-0.0025286,-0.0050459
0.0038714,-0.0008878,-0.0042755
0.0028082,0.0013806,-0.0016918
0.0040857,0.002299,-0.0019204
0.005848,0.00375,0.0029337
0.0062653,0.0014969,-0.0016959
0.0087786,-0.0032418,-0.0041735
0.0069724,-0.003251,6.84e-05
0.0066061,0.0008969,0.0007571
0.0054949,0.0057378,-0.0014102
0.0079398,0.0027837,-0.0010796
0.0080061,-0.0035684,-0.0028898
0.0033694,-0.0061929,-0.0037092
0.0057367,0.0003378,-0.0020163
0.0120112,0.008349,0.0020337
0.0099561,0.0050184,0.0007622
-0.0003704,0.0009071,-0.003498
-0.0005806,0.0014745,-0.00525
0.0082378,0.0009786,-0.0020173
0.0083031,-0.0023571,-0.0016337
0.0059633,-0.0012449,-0.0009235
0.0060214,0.0008204,-0.0005541
0.0060143,0.0003541,0.0004908
0.006202,0.0014112,-0.0037194
0.0078398,0.0018673,0.0004112
0.0047939,-0.0004898,0.0005367
0.0048949,-0.0019347,0.0002184
0.0076398,0.0012347,-0.0051133
0.0107214,0.0025112,-0.0009112
0.0059337,0.0020939,-0.0018745
0.0011194,0.0005439,-0.0004939
0.0041806,-0.0002327,-2.86e-05
0.0067255,0.0009051,-0.0039173
0.0083582,0.0010673,-0.0035929
0.0077296,0.002751,-0.0008878
0.0054316,0.0005286,-0.0009418
0.0040551,-0.0013265,-0.0009051
0.0064663,0.0003378,-0.0030612
0.005398,0.000201,-0.0024408
0.0055837,0.0003714,-0.0012551
0.0079786,0.0012939,-0.0020908
0.0096429,-0.0005755,-0.0020908
0.0047633,0.0019,0.0007867
0.0045347,0.0023122,0.0007449
0.0074122,0.0006684,-0.0016714
0.0062306,0.0044041,-0.0041316
0.0051847,0.0018092,-0.0013133
0.0046316,-0.0048408,-0.0031531
0.005652,-0.0060755,-0.0021816
0.0072316,-0.000948,-0.0011827
0.0127765,0.0040806,-0.0005459
0.0073092,0.0056561,0.0012592
-0.0007163,0.0022765,-0.0044122
0.0010592,0.0019541,-0.006152
0.0067265,0.0009184,-0.0021327
0.0073092,-0.0017602,0.001949
0.0069133,-0.003299,-0.0019908
0.0069786,-0.0020796,-0.0006898
0.0059133,-0.0006643,-0.0016571
0.0073449,0.0015296,-0.0033857
0.0078745,0.0022714,0.0001582
0.005201,0.0013337,0.0007724
0.0056143,7.35e-05,0.0004776
0.0081602,0.0026061,-0.0028735
0.0091367,0.0020439,-0.0033418
0.0002296,0.0009755,-0.0020143
0.001149,0.0007163,-0.0033592
0.0098653,0.0002918,-0.0009255
0.0106602,-0.0009663,0.0009796
0.0049592,-0.0007082,0.0016796
0.0015286,0.0019143,9.18e-05
0.0098969,-0.0010969,-0.0009663
0.0203673,-0.0001245,-0.0009755
0.0189163,0.0059878,-0.0005704
0.006948,0.003398,-0.0022071
-0.0051347,-0.0043153,-0.0081418
-0.0138122,-0.0024173,-0.0126214
-0.0136327,0.0044735,-0.0140592
-0.0105755,0.0069296,-0.00975
-0.0099092,0.0003112,-0.0132612
-0.0070898,-0.0035102,-0.0150776
-0.0012653,-0.0015857,-0.0085673
0.0073071,-0.0052469,0.0008255
0.0157449,-0.012152,0.0134194
0.0119061,-0.0018827,0.0230449
0.018451,0.0139143,0.02625
0.0362612,0.0096684,0.0307867
0.0476378,0.0006357,0.0339602
0.0514969,0.0023837,0.0369061
0.0491551,0.007699,0.0363347
0.030048,0.0098694,0.0173051
0.0025745,0.0064265,-0.0019255
-0.0089378,-0.0148694,-0.0466735
0.0008602,-0.0369531,-0.1290561
-0.0648827,-0.0127714,-0.0687031
-0.0625429,-0.0111204,0.2975908
0.0417847,0.0106214,-0.1251173
0.1198082,0.0166163,-0.2720214
-0.0083643,0.02435,0.0788224
-0.0783847,0.0301898,0.1995092
-0.1149184,0.0191704,-0.0895459
0.0457398,-0.0598582,-0.2061469
0.052799,-0.0571582,-0.2127571
-0.1110367,0.0541714,0.3507102
-0.0126367,0.0175,-0.0771939
0.1352673,-0.0331224,-0.2158684
0.0272449,0.0032602,0.0213276
-0.0339194,0.0028102,0.0922296
0.0080867,0.0065102,-0.007951
0.0959776,0.049502,-0.0296357
0.0277327,0.0247939,0.0585367
-0.0212408,0.0157602,-0.0144327
0.0016857,-0.0006837,0.0375316
-0.0242908,-0.0349806,0.0227112
-0.051549,-0.0205745,-0.1399122
0.0063837,-0.1087031,-0.2342776
0.0310786,-0.1204102,-0.1100031
0.035301,0.0074112,0.0468378
0.0055459,0.0222745,-0.1264929
-0.0444673,0.0652806,0.0306122
-0.1064694,0.0480653,0.1690582
-0.0946316,-0.0727592,0.0817276
-0.0393327,-0.0286714,-0.0705265
0.1071888,0.0005367,-0.0470061
0.0588827,0.0288214,-0.0007418
0.0210133,0.0398061,-0.0252949
0.0940959,-0.0067765,0.0144071
0.0527561,0.0089031,-0.0041388
-0.0507918,0.0458724,0.0378276
-0.0677102,0.0849704,0.1248408
0.0210704,0.0280714,8.16e-05
0.0808765,-0.03795,-0.06485
0.0253316,-0.023448,0.0091449
-0.0333194,-0.0589153,-0.0348929
-0.0535541,0.0410153,0.0519357
-0.0023582,0.0841459,0.0079429
0.0135673,-0.0735602,-0.0536061
0.0008071,-0.1835929,-0.0533214
0.0685531,-0.2328316,-0.0935612
0.0091724,-0.0115429,0.1202459
-0.0027102,0.2804765,0.1257122
0.0762867,0.2257255,0.0162663
0.0299786,0.0255224,-0.0251408
-0.0629541,-0.0716735,-0.0268388
0.0524367,-0.0418071,-0.2198031
-0.0105867,0.0618082,0.0640867
-0.0153041,0.0594388,0.1404061
0.0210398,-0.0657337,0.0109122
-0.0307571,-0.1444347,-0.1022551
-0.1078214,-0.0681735,-0.0819255
-0.0655082,0.0245673,-0.0778276
0.0580724,0.1167061,-0.1015633
0.0537143,0.0699949,0.0442888
-0.0260347,0.0423571,0.0994235
0.0942755,0.0767571,-0.0239224
0.1065357,0.1785735,-0.1185224
0.0450561,-0.0142561,-0.0631286
-0.1214592,-0.2267918,0.1444663
-0.3466418,-0.1968796,0.1735724
-0.2871163,-0.1780122,-0.0263704
-0.0765306,-0.174002,-0.0739939
-0.0490102,-0.1445704,0.0180571
0.1489398,-0.2253153,-0.1870602
0.0354286,-0.1827857,-0.0936582
0.1392469,-0.1720235,0.0230296
0.0448663,-0.0448469,-0.0128102
0.0362296,-0.0268908,-0.0106429
0.019951,-0.0605837,-0.0329163
-0.0067847,-0.0243622,-0.1356908
0.1505796,-0.1305122,0.2433867
0.2518939,-0.1871878,0.1345827
0.2098806,-0.0701316,-0.4534439
0.2897071,-0.0501245,0.0642398
0.0606255,0.0520316,0.0186969
-0.2026765,0.1005724,-0.1226429
-0.3676796,0.1246765,0.0289327
-0.4526214,0.0480612,0.2351429
-0.3674214,-0.1667276,0.1769827
0.1025408,-0.3065582,0.3079969
0.6592888,-0.3885857,0.4604857
0.9433245,-0.2645408,0.0488837
1.0004582,-0.1754633,-0.698298
0.889698,-0.1245429,-1.0193133
1.0725235,-0.1194276,0.0658653
0.8386255,-0.0281816,-0.3049327
0.4482908,-0.0109541,-0.3232847
0.1169214,-0.034501,-0.1148347
0.0618051,0.06355,-0.0733388
0.1542724,0.1644663,-0.1234143
0.202102,0.2188378,-0.0492133
0.3409918,0.1870582,0.0839653
0.407952,0.1882276,0.336302
0.291751,0.2333071,0.5263173
0.0684163,0.2241071,0.4530163
-0.1520653,0.1625255,0.2045663
-0.2268918,0.1131929,0.0919418
-0.1604847,-0.0336449,0.0939776
-0.1723663,-0.040198,0.1839429
-0.2419918,-0.0955653,0.1732408
-0.2584867,-0.1948051,-0.0965633
-0.2479347,-0.2257867,-0.2900622
-0.270751,-0.2227449,-0.3879469
-0.3883602,-0.1741898,-0.4323827
-0.5592816,-0.1621041,-0.4599224
-0.6234827,-0.2663622,-0.4788133
-0.5146,-0.2846765,-0.4528796
-0.2814898,-0.1446286,-0.5534582
-0.1621735,-0.1630878,-0.5115439
-0.1162857,-0.3224194,-0.4206551
-0.0092867,-0.3952061,-0.2878082
0.5275265,-0.5152214,0.3178827
0.4474724,-0.4859724,1.05465
0.163699,-0.3163398,0.8770571
0.0738122,-0.2298031,-0.1809837
-0.0659776,-0.0242235,-0.2603918
-0.0815827,0.0275663,-0.0407214
-0.1133653,-0.0709735,-0.1043439
-0.0231745,-0.1338459,-0.0963704
-0.0191704,-0.07995,0.0744694
-0.0536888,-0.0120582,0.293299
-0.0178878,-0.0012714,0.465051
0.041801,-0.026952,0.2480571
0.1671898,-0.1220827,-0.1065724
0.0183469,0.1438469,-0.240449
-0.048248,0.2231031,-0.2016041
0.1113296,0.0496816,0.0194898
0.1362204,-0.0271408,0.2730765
0.0890939,-0.0240929,0.2425837
-0.0465796,0.0752163,0.0733949
-0.0565837,0.0747949,0.0105724
-0.0792,0.1317327,-0.0319806
-0.0208347,0.0988531,0.0019102
0.0926347,-0.0760357,0.007799
0.0615276,-0.0470163,0.0296194
-0.0400306,0.0406071,0.0614622
-0.0463469,0.0182286,0.0322102
-0.0324439,0.0421694,-0.0573061
0.0292929,-0.0328265,-0.2108888
0.0580449,-0.0145704,-0.3214286
-0.0022184,-0.0276082,-0.182048
-0.0594153,0.0025459,-0.0251367
-0.0208673,0.0048714,0.0025867
0.0557622,-0.0354622,-0.0656878
0.1335837,-0.0796551,-0.0744612
-0.0111939,0.0018602,0.1265173
-0.1412418,0.1045551,-0.0077286
-0.1977959,0.0793265,-0.0905755
-0.0504612,-0.0456265,0.0339776
-0.0283184,-0.0336806,0.0883469
0.0637276,0.0259745,0.103448
0.131598,-0.0143786,0.045501
0.1215735,-0.0581194,-0.0401449
0.1442408,-0.0141724,-0.1437867
0.2014204,0.0552714,-0.2603776
0.3459918,0.1394551,-0.273848
0.5080888,0.1673337,-0.1851847
0.6997653,0.0303541,-0.2570663
0.5768265,-0.0684306,-0.7725663
0.4334357,-0.1598735,-1.011601
0.5163194,-0.3406622,-0.4781194
0.4807163,-0.450448,0.1247265
0.34095,-0.4846235,0.1464163
0.0349051,-0.4595459,-0.3230653
-0.6305724,-0.3569633,-0.8626469
-1.3162255,-0.3697602,-0.7264735
-1.3800214,-0.4192847,0.4229102
-1.5673847,-0.2011857,1.8587347
-1.2228,-0.0802367,2.1374388
-0.6176031,-0.1628571,1.4836867
-0.2765398,-0.2631439,0.7602837
0.0297122,-0.3639051,0.2465929
0.1570255,-0.399552,-0.2476898
0.125349,-0.292101,-0.3873582
-0.0303724,-0.0879918,-0.2254867
-0.2791602,0.0987378,-0.0017469
-0.344099,0.1233214,0.258899
-0.2920561,-0.0026112,0.398698
-0.3285959,-0.0334204,0.533202
-0.2232918,-0.074202,0.1648469
-0.1340806,0.0170337,-0.4292408
-0.1947449,0.1073643,-0.48255
-0.1906653,0.1195796,-0.0968745
-0.0865541,0.081348,0.114399
0.003998,0.0531255,-0.0563745
0.0469827,0.1056204,-0.5579673
-0.0276031,0.0868796,-0.685148
-0.1125398,0.0892163,-0.4024429
-0.2366939,0.1475561,-0.2562459
-0.0937724,0.0105827,-0.0070694
0.034598,-0.0908796,0.0272837
0.0648704,-0.0610265,-0.0774898
0.0746929,-0.0369949,-0.09095
0.1075816,-0.0303082,0.0212357
0.1374959,-0.0508633,0.0461102
0.1142786,0.0061214,-0.002801
-0.0045163,0.0801357,-0.0124265
-0.0919378,0.1331939,0.0801592
-0.0470051,0.1094459,0.1203776
0.0903949,0.0525612,0.0144224
0.1030245,0.0483755,-0.0121214
0.0083184,0.0665112,-0.032002
-0.039749,0.0363592,0.0138306
-0.0095286,-0.0027133,-0.0304469
0.0557878,-0.061849,-0.0897031
0.1057398,-0.1069102,-0.1164918
0.0722684,-0.1118337,-0.089151
-0.0150378,-0.085349,-0.0312551
-0.0589133,-0.0270745,-0.0020337
-0.0796571,0.0036827,-0.092051
-0.0691071,-0.0436663,-0.05465
-0.039102,-0.0873235,0.0691541
-0.0565061,-0.0847429,0.2401316
-0.0646786,-0.0192184,0.1539541
-0.0355163,0.0289143,0.0087235
-0.0125673,0.0358163,0.0012592
-0.0515449,0.0491724,0.0058929
-0.1659816,0.0895071,0.1139898
-0.2055551,0.1231041,0.2145959
-0.2605918,0.1921286,0.038299
-0.405498,0.2994,-0.1023082
-0.3851204,0.2772031,-0.0457418
-0.3435061,0.1714153,0.1230592
-0.4146357,0.1206429,0.0592245
-0.5222633,0.0717684,0.1673418
-0.4775276,-0.058,0.3857143
-0.3432684,-0.2976102,0.6288173
-0.229151,-0.4820949,0.6825541
-0.1645847,-0.5254031,0.4550469
-0.0817724,-0.5519092,0.1734867
-0.197702,-0.4398184,0.0630357
-0.3735673,-0.4532643,0.2149388
-0.2557306,-0.5976122,0.379352
-0.0554112,-0.7197582,0.2782571
0.095652,-0.6348041,0.2360214
0.1922592,-0.520101,0.2440724
0.2463969,-0.45965,0.1264969
0.1993745,-0.3143714,0.0392459
0.0833908,-0.1362102,-0.0490653
-0.0418041,-0.0264173,0.0256418
-0.085102,0.0067806,-0.1108796
-0.0469959,0.0973327,-0.3648765
-0.0105745,0.1768163,-0.522749
-0.0067837,0.3231388,-0.3535959
-0.0038255,0.1697776,-0.1837469
0.0891357,-0.0130214,-0.1239122
0.0667694,0.0088,-0.1861949
-0.0985918,0.0831541,-0.0188561
-0.1038918,0.0575592,0.1599133
-0.0445204,0.0247031,0.1383378
-0.0125429,0.0145816,0.0337867
0.0416367,-0.0212327,-0.0659673
0.0088837,-0.0033643,-0.07795
-0.0071857,0.0039337,-0.0669439
-0.0126061,-0.0112582,-0.0244224
-0.0803429,-0.0119245,0.0952306
-0.0690031,-0.0027684,0.1681827
-0.0302439,-0.0101224,0.0736602
0.0040327,-0.0142735,-0.0046939
0.0371163,0.0018969,0.0076347
0.0526857,0.0286133,-0.0488745
-0.0239959,0.1508714,-0.1019571
0.0428684,0.0243796,0.2641541
-0.0900867,-0.0092929,0.1052847
0.0605459,0.0789959,-0.0800082
0.0212571,0.0577051,-0.1476704
-0.0521122,0.0829643,-0.1455418
-0.0436602,0.118502,-0.2496592
-0.0054684,-0.0105622,-0.1242051
0.0771786,-0.0836214,0.1948122
0.0726837,0.0442398,0.3003429
0.0683929,-0.0267367,0.2372122
0.0663459,-0.0431867,0.0296235
-0.0246531,0.0187296,-0.0097571
-0.0172939,0.0170776,0.0059429
0.0500357,0.0092112,0.1056092
-0.0002929,-0.0125102,0.0810347
-0.018448,0.0476582,0.0074092
-0.0690551,0.1375214,-0.0156204
-0.0443449,0.0878,-0.1893918
0.0121153,0.0396214,-0.0628551
0.0293837,-0.0244929,-0.088748
0.141598,-0.0951816,-0.0579857
0.1139888,-0.0806694,-0.0739908
0.0105316,0.0130418,-0.080152
-0.1047194,0.0849041,-0.0617102
-0.100352,0.0770827,-0.024452
-0.0668643,0.0127071,0.0359184
0.0156622,-0.0452857,0.0920541
0.0708878,-0.0422673,0.0567949
0.007448,0.0296214,0.0738949
-0.0172408,0.0138418,0.0216429
-0.0441765,0.0055745,-0.0681663
-0.0219408,-0.0098276,0.0265469
0.0370908,-0.0389235,0.0760898
0.08165,-0.0456459,0.0627265
0.0587827,-0.0158102,-0.0072602
0.0118643,0.0291704,-0.0947235
-0.0543857,0.0658959,-0.145451
-0.0674316,0.0672143,-0.1040541
-0.0255133,0.0320786,0.0528051
0.0145724,-0.0044245,0.1506776
0.0324622,-0.0231929,0.1229786
0.011351,-0.0123153,0.0455653
-0.0158663,0.0076653,0.0315
-0.0105357,0.0116214,0.0107582
-0.0059827,0.0351418,0.0220153
-0.0268143,0.0364459,0.0203633
0.005151,0.0327378,0.0451796
0.0196286,0.0042571,0.0053663
0.0042061,0.0330316,-0.0643582
0.0304643,0.0117878,-0.0677388
0.0562908,-0.0695122,-0.0300061
0.045351,-0.0898969,0.0714867
0.0002347,-0.0546704,0.1448
-0.0257724,-0.0255673,0.0580745
-0.0384194,0.0448908,-0.0343898
-0.0026745,0.0152745,-0.0718806
-0.0180888,0.0228071,-0.026451
-0.0260959,0.0431316,-0.0103235
0.0073847,0.0089867,0.0346878
0.0480969,-0.0960429,0.1180163
0.0546153,-0.1042041,0.1852592
0.0327929,-0.0575806,0.1636959
-0.0718531,-0.0150418,0.0267571
-0.0774908,0.0463786,-0.0550776
-0.0166673,0.0115418,-0.066902
0.0612327,-0.017701,-0.0907918
0.0837061,-0.0034153,-0.082752
0.0714704,0.0065418,-0.0609031
0.0445959,-0.0058255,-0.0015316
-0.012049,-0.0068816,-0.0321224
-0.0784061,-0.0071837,-0.0090867
-0.0391653,-0.053101,0.0799898
0.0396959,-0.1242857,0.164298
0.0588092,-0.142252,0.1645551
-0.0395622,-0.0468796,0.0303204
-0.0993745,0.038398,-0.0725112
-0.0455429,0.0613541,-0.0856235
0.0302347,0.0720949,-0.0395949
0.0517051,0.0748745,0.0253745
0.0106796,0.0829337,0.0448959
-0.0185092,0.082402,0.0088378
-0.0075827,0.0677541,0.0012316
0.0192245,0.0480816,0.0210041
0.0431214,0.0201296,0.0327541
0.06585,0.0022765,0.0294837
0.0629102,-0.0070163,0.0119224
0.0468286,-0.0219265,-0.0438204
0.0345857,-0.0276571,-0.0431653
0.0309235,-0.0276806,-0.0106806
0.0261449,-0.0291898,0.0256061
0.0168204,-0.0299806,0.0499929
-0.0049694,-0.0278561,0.0233296
-0.0307367,-0.0259694,-0.0077622
-0.0479816,-0.0175622,0.0145245
-0.0283327,-0.0134357,0.0392102
-0.0073327,-0.0083582,0.0505704
-0.0071776,-0.0004796,0.0361
-0.0116265,0.0035122,0.0121357
-0.0179173,0.0040694,-0.0150184
-0.0180276,0.009198,-0.0091122
-0.0058408,0.0070755,-0.0038163
0.013098,-0.0071122,-0.0030276
0.0297959,-0.0161398,0.0193418
0.0366214,-0.0169704,0.0244378
0.0109776,0.0021051,0.0149969
-0.0115684,0.0181306,0.0122092
-0.0054378,0.0131153,0.0206459
0.0103,0.0051286,0.0361602
-0.0007969,0.0058735,0.0189857
-0.0144398,0.0071327,-0.0111031
-0.0222429,0.0147643,-0.0956969
0.0112888,0.0166337,-0.0992367
0.0426388,0.0080704,-0.0418796
0.0487408,-0.01935,0.061352
0.0126378,-0.0314469,0.1605337
-0.0642122,0.0063245,0.1194735
