accx,accy,accz
0.0068765,0.0126296,-0.1577561
0.0017806,-0.0175051,-0.0170776
0.0134806,-0.0062582,0.0552184
0.0337347,0.019998,0.0228776
0.0303816,0.0337898,-0.0121265
0.0305969,0.0217245,-0.0222929
0.0068061,0.00335,-0.0177306
-0.0212786,0.0008837,0.0029878
-0.0105449,0.0139653,0.0016173
0.0160602,0.0008643,-0.0031582
0.0208153,-0.0126929,0.0242949
-0.0001306,-0.0011031,0.0295939
-0.0102378,0.0070112,0.0218888
0.0240439,0.0043459,0.0049939
0.0511173,-0.010802,-0.0060388
0.0053347,-0.0075673,-0.0416969
-0.020498,-0.0046673,-0.0515163
-0.0024602,-0.001552,-0.0477071
0.03105,-0.0101459,-0.0329398
0.0547735,0.0310378,-0.0323704
0.1266724,0.0748367,-0.0015184
0.0425214,0.0784816,-0.0313571
-0.0684337,0.1673133,-0.0223959
-0.0840694,0.1514224,-0.0680827
-0.0271765,0.0344929,-0.1212592
0.0786796,-0.0290408,-0.1524643
0.0596082,0.033648,-0.044448
0.0240133,0.0204643,0.1113439
0.0266092,-0.2200459,0.0695408
0.0059327,-0.3414673,0.2104806
0.0192418,-0.0979184,0.0822673
0.071098,-0.0243276,0.0127092
-0.0263694,0.0553378,-0.1201643
-0.0482571,0.092502,-0.2344439
0.0230469,0.0920929,-0.1760714
0.0795296,0.0342173,-0.0483051
0.1159276,-0.0399929,-0.0209765
0.0953898,-0.0578439,0.0624031
0.0483918,-0.0304878,0.1158888
0.0641194,-0.0316786,0.0691082
0.0857745,-0.0102327,-0.0240184
0.003999,0.0114694,-0.0122378
0.0844255,0.0085082,0.003098
0.1421908,0.0188439,0.0423204
0.2275051,0.0016918,0.0757173
0.1887857,-0.0112939,0.1044102
0.0646347,-0.0501786,0.1985551
0.0282122,-0.0325531,0.2286653
0.0682133,-0.0365347,0.1616571
0.1071347,-0.0329786,0.1292939
0.138852,0.0255296,0.1392418
0.0874061,0.0203643,0.0948653
0.0099602,-0.0733837,0.072851
-0.0250388,-0.1643633,0.0772194
-0.0188561,-0.1349316,0.1018592
-0.0208214,-0.069448,0.1257786
-0.0793827,-0.0200878,0.0648316
-0.078002,0.0067296,0.0296969
-0.0545184,-0.0225735,0.001049
-0.0348337,-0.0346061,-0.0214051
-0.0627459,0.0601837,-0.0700776
-0.1896357,0.1644908,-0.2465622
-0.1834184,0.0734745,-0.1042929
-0.0470143,0.036251,-0.0190622
-0.0062888,0.0118398,-0.017698
0.0363857,-0.0099694,-0.1103582
0.087351,-0.0265204,-0.1412694
0.0540388,-0.0402296,-0.0536929
-0.0109551,-0.0342235,0.0364061
-0.0532092,-0.0773592,0.0355837
0.042299,-0.1497469,-0.0109959
0.165999,-0.1973122,0.0390224
0.12605,-0.1414745,0.0782051
0.0485418,-0.0403184,0.0790643
-0.0609367,0.0260347,0.0869531
-0.0330898,0.0404714,-0.0341908
-0.0006735,0.0535806,-0.0629571
-0.0554469,0.0390418,-0.0077112
-0.030901,-0.0099531,0.0295316
0.0268857,-0.0119592,3.37e-05
0.0322735,0.0241571,0.0015878
-0.0060735,0.015998,0.0553908
-0.0480663,0.0295827,0.0547347
-0.0471786,0.0433031,0.0053031
-0.0445041,0.0133796,0.0085837
-0.0132714,0.0009806,0.0093939
-0.0150714,-0.0102204,0.016948
0.022299,-0.0354571,0.0732827
-0.0072224,-0.0284337,0.019048
0.0393918,-0.0434602,-0.0861633
0.0257837,-0.0582959,-0.026752
-0.0043704,-0.0440704,0.0947051
-0.0494439,-0.0099673,0.1351296
0.0711449,-0.001499,0.0072143
0.1241173,-0.0586541,-0.0315337
0.0291857,-0.0110051,-0.0295265
-0.0678276,0.0516765,-0.1821867
-0.0389418,0.0105918,-0.0769551
-0.0092786,0.0144102,-0.026401
-0.0293735,0.058102,-0.0625898
0.0261551,0.0319551,-0.0115592
0.002202,0.0263194,-0.0415235
-0.0251949,0.0143051,-0.0525112
-0.0097571,-0.0067112,-0.0026888
0.008702,-0.0177082,0.052952
-0.0101194,-0.0083806,0.039299
-0.0169633,-0.0061204,0.0116388
-0.0153551,-0.0047561,-0.0281776
0.0580806,-0.0229786,-0.0324582
0.0532857,0.0060071,0.0115214
0.0076765,0.0118102,-0.0391204
0.0276184,0.0061378,-0.0270939
-0.0010255,0.0019316,0.0118796
0.0184531,-0.0100765,0.0275429
0.0368806,-0.017399,0.0390245
-0.004352,-0.0050255,0.0016357
0.0110306,-0.0021531,-0.0024643
0.0155316,0.0077255,0.0163582
0.0217551,0.0114806,0.0142051
-0.000552,0.018352,-0.0213806
0.0032449,0.0009653,0.0187255
0.011801,-0.0042939,0.0174827
0.0148173,-0.0034949,-0.020501
0.0187398,-0.0012224,-0.0421918
-0.0129561,0.0111959,-0.0210439
-0.0403786,0.0251439,0.0057357
-0.0289969,0.0586571,0.0551469
0.0806439,0.0591939,-0.0085959
0.0420286,0.1006561,-0.079699
0.0171898,0.0164918,-0.1397133
0.1844602,-0.0952306,-0.1151296
0.0965827,0.0105449,0.0767816
0.0047969,0.1785745,0.0467235
-0.5576051,0.5026673,0.1053541
-0.454301,0.2750357,-0.0574816
-0.0787388,0.1613194,-0.1380194
0.1759602,0.14285,-0.0162765
0.2223347,-0.0383714,0.0724878
0.1161316,-0.150249,0.3240143
-0.0704765,0.0913592,0.0049551
0.0767694,0.0977306,-0.594149
0.0153959,-0.059551,-0.381552
0.1493755,-0.0355071,-0.3357347
0.2212092,-0.0039398,-0.3294755
0.2491745,-0.0476735,-0.2175051
0.2261898,-0.1026051,-0.0830612
0.1061,-0.149248,-0.0095592
-0.0006592,-0.1604561,-0.0184622
-0.0572398,-0.144651,-0.0006153
-0.0533163,-0.0578102,-0.0068582
-0.0132888,0.0256378,0.035351
-0.0379459,0.0820439,-0.0288806
0.0483571,0.1838724,-0.2588245
0.2843337,-0.2630888,0.8557235
0.1932388,-0.2019929,0.8356378
-0.1591724,0.6196602,-0.485848
0.0021245,0.1688694,0.5011908
0.188151,0.0612449,0.4330806
0.0139449,0.0727571,0.1743776
0.0484112,0.0011092,0.1710918
-0.0129163,-0.1029714,0.1254867
-0.0061949,-0.1462398,0.0654173
0.036049,0.0171745,-0.0849561
-0.0141796,-0.0404684,-0.2009173
-0.0525204,0.0023592,-0.0883908
-0.0462388,0.0166939,-0.1626541
-0.0726071,0.0245439,-0.0131378
0.0262929,-0.0175949,0.0942969
0.0338051,0.0857102,0.0903561
-0.0211337,0.0940816,0.0450663
-0.0516112,0.0642082,0.0244745
0.0134888,-0.0296051,0.1016745
-0.0434857,-0.1372673,0.10135
-0.0290735,-0.2634163,0.1684939
-0.0175959,-0.2665388,0.1688939
-0.0233969,-0.0081847,-0.0960959
-0.0076214,0.1320827,-0.0188561
0.2118235,0.2533959,-0.184851
0.1210388,0.0637133,-0.1668204
0.0083224,-0.0394602,0.0052153
0.199448,-0.0462337,-0.0858551
0.2330714,-0.0995796,0.0711439
-0.0325265,-0.0713122,0.1497173
-0.0115224,-0.1184582,0.2090337
0.0595276,0.0651296,-0.1233888
0.06655,0.0273684,-0.1519633
-0.0360765,-0.0860633,0.0782316
-0.1457378,0.0419786,-0.4753867
-0.1943673,-0.2402245,0.0577367
-0.2791633,-0.278948,0.1704796
-0.1509112,-0.3578694,0.1829327
-0.133,-0.4382378,0.4282214
-0.1025235,-0.3315796,0.3101031
-0.0344663,-0.2521398,0.1187214
-0.0033796,-0.2761551,0.0852837
-0.013,-0.1706429,0.0021949
-0.0734694,-0.1523694,0.0261735
-0.0547745,-0.0947286,-0.072498
0.0418582,0.0490571,0.134101
0.065302,0.2873357,-0.1698857
-0.1376592,0.5652082,0.020551
-0.0713714,0.6801663,-0.1400837
-0.1095378,0.7755265,-0.076252
-0.0051112,0.3250112,-0.0317622
0.2564582,-0.0729112,-0.5895224
0.0093776,-0.2113224,0.4036929
0.1755806,-0.4982133,0.0912959
0.2411837,-0.4873439,-0.2630347
-0.6093071,0.044552,-0.0686265
0.1048184,-0.0977867,0.3860429
0.184102,-0.0366694,-0.039901
-0.32655,-0.1218265,-0.102598
-0.1391857,-0.1078194,-0.034549
0.0959745,-0.0582755,0.046298
0.0744837,-0.06395,0.0206684
0.049302,-0.1223092,0.0069633
0.3064541,-0.4496888,-0.2801939
0.3913561,-0.934098,-0.3156378
-0.483348,-0.5169082,0.3056286
-0.4245551,-0.6393816,-0.0052
-0.0623082,-0.194401,0.3670694
0.2425367,0.1517755,-0.10495
0.3093735,0.2645276,-0.0952602
-0.0616857,-0.1040439,-0.0895786
-0.3032806,0.0930714,0.0085204
-0.0497265,0.197349,0.0835969
-0.0006837,-0.0328388,0.1390939
-0.1815602,-0.0697898,-0.3532316
0.0741673,0.1371224,-0.2738418
0.0403051,-0.0559071,0.1719347
-0.1059316,0.1338347,0.2339837
0.0534694,0.4002439,0.0146367
-0.0758541,0.0122031,-0.0276612
-0.3027153,-0.0039367,-0.0351224
-0.1964469,-0.028951,0.073801
-0.1311439,-0.0058449,-0.0461949
-0.1422765,-0.0866908,-0.1146051
0.1360357,-0.2513745,-0.0642184
0.0797949,-0.2282143,-0.019102
0.0403429,-0.0436306,0.0813806
0.1146622,0.0593082,0.0667765
0.2060122,0.0268939,-0.1380735
0.2654276,-0.073199,-0.1413143
0.2178031,-0.1016439,-0.0895112
0.3123388,0.0128276,-0.1334571
0.1277796,-0.0097918,0.0577408
0.1143122,-0.0744,0.0058388
0.1491276,0.0144194,0.0507408
0.122048,0.1327214,-0.1926663
0.0464684,0.2570786,0.0350643
0.0209429,0.2773214,0.2284847
0.156452,0.1532398,0.1694
0.1453276,0.0220622,0.1423969
0.0778663,-0.117549,0.0610429
-0.0211112,-0.1593357,-0.1081673
-0.1467663,-0.1583163,-0.1470092
-0.1847878,-0.1384153,-0.0739939
-0.1648888,-0.0904102,0.0209418
-0.1064786,-0.0312622,0.0902949
-0.0836306,0.030399,0.1285071
-0.1335724,0.0936602,0.1047724
-0.1061337,0.1283582,0.0981112
-0.0765612,0.1217561,0.1404071
-0.0351153,0.0170316,0.1393643
0.0139316,-0.1148878,0.1180398
0.0024602,-0.1209969,0.0088184
-0.0534745,-0.0775949,-0.0800592
-0.0686194,-0.0274041,-0.11205
-0.0553663,0.0017827,-0.0618102
-0.0230163,0.033701,0.0212755
0.0134214,0.0628571,0.0841602
0.0414582,0.0676408,0.1016337
0.0560939,0.0387531,0.0800643
0.0578622,-0.0069582,0.0279265
0.0413959,-0.0147143,-0.0129949
0.0211653,-0.0090408,-0.0188643
0.0164031,-0.0040459,-0.007299
0.0241347,0.0084439,0.0041224
0.0348939,0.0048429,0.0116408
0.040902,-0.0100469,0.0159653
0.0470204,-0.0040867,0.023649
0.0455592,0.0138622,0.0104255
0.0385643,0.0047796,-0.0007592
0.0269449,-0.0065816,-0.0098122
0.0140969,-0.0047816,-0.0065704
0.0107633,0.0002776,0.0138296
0.0089184,0.0041469,0.027351
0.0020469,0.0080531,0.0340429
-0.0060694,0.0115031,0.0411327
-0.0164255,0.0180653,0.0361235
-0.0233551,0.0068214,0.0250449
-0.0217867,0.0010633,0.0229
-0.0220735,0.0017235,0.022452
-0.0237847,0.0022316,0.0261776
-0.0209102,-0.0031133,0.0241378
-0.0128398,-0.0053918,0.0158918
-0.009552,-0.0024071,0.0126857
-0.0018122,0.0033173,0.0162622
0.006199,0.0046051,0.0175449
0.0129673,0.0026204,0.0178827
0.0153806,0.0044184,0.0169755
0.0136602,0.0071347,0.012698
0.0141306,0.0061388,0.0117122
0.0156418,0.0031102,0.0115235
0.0177786,0.0017531,0.0128459
0.0182612,-0.000299,0.0138582
0.0184163,-0.0018388,0.0147061
0.0178745,0.0005827,0.0146071
0.0171082,0.0005694,0.0140398
0.0141847,0.0011908,0.0131929
0.0100153,0.0021031,0.0155602
0.0072337,0.0023367,0.0166786
0.006251,0.0033184,0.0172194
0.0062724,0.0038959,0.0177806
0.0066255,0.0039837,0.018048
0.0041541,0.0031878,0.0186582
0.0045316,-0.0016306,0.0218378
0.00335,-0.0043673,0.0243469
-0.0017745,0.0026255,0.021898
-0.0047551,0.0077265,0.0189102
-0.0039388,0.0037602,0.0214276
-0.0011684,-0.0006194,0.0184388
0.0019133,-0.0008408,0.0141245
0.0061235,-0.0002388,0.0128898
0.0106265,0.00125,0.0125806
0.0141755,0.0025735,0.0131704
0.0170071,0.0029429,0.0146051
0.0187908,0.0005571,0.0132796
0.0196357,0.0013143,0.0136888
0.0171847,0.0038357,0.0138888
0.0155776,0.0052439,0.0152714
0.0136694,0.0048429,0.0151541
0.0117122,0.0036918,0.0172367
0.0097816,0.0029449,0.0156184
0.0074918,0.0025653,0.0170888
0.0052633,0.0009786,0.020902
0.0024949,-0.0012684,0.0209194
-0.0003163,-0.0003571,0.019298
-0.0041531,-0.0012888,0.0185102
-0.0076224,0.0012949,0.0165408
-0.0082388,0.003749,0.0160592
-0.0024827,0.0039388,0.0184041
0.0045296,0.0032357,0.0198898
0.008851,0.0027224,0.0193602
0.0121439,0.0035847,0.0151347
0.0149714,0.0030184,0.0112224
0.0172908,0.0043276,0.0114469
0.0184367,0.0023184,0.0123041
0.0179255,0.0017296,0.0140235
0.015748,0.0020378,0.0150918
0.0133245,0.0021173,0.0160888
0.008749,0.0019867,0.0173592
0.0060888,0.0006071,0.0182173
0.0040061,0.0008204,0.0181
0.0035357,0.0011418,0.0181786
0.0032745,0.0014724,0.01855
0.0035724,0.0017755,0.0177337
0.0045163,0.0028837,0.0167582
0.005149,0.0028878,0.0170694
0.0066571,0.0024449,0.0161
0.0061602,0.0025959,0.0158898
0.006252,0.0018724,0.0161612
0.0066316,0.0031939,0.0169571
0.0067276,0.0022929,0.0167684
0.0070082,1.12e-05,0.0164602
0.0079929,-0.0002184,0.0170755
0.0068561,0.0047133,0.0163969
0.01015,0.005349,0.0138745
0.0134224,0.0020378,0.0183755
0.0136735,0.0009653,0.0200643
0.0098908,0.00195,0.0140592
0.0075622,0.0008143,0.0134306
0.0056204,-0.0002867,0.0167643
0.0053806,0.0022398,0.0184582
0.0050245,0.003249,0.0178786
0.0052867,0.0031439,0.0179276
0.0055143,0.0023286,0.0157102
0.0055684,0.0032276,0.0156847
0.0068184,0.0020673,0.016802
0.0073745,0.0008908,0.0161031
0.0074837,0.0009163,0.0163051
0.006898,0.0016224,0.0159041
0.0066949,0.0022888,0.0152204
0.0081204,0.0018776,0.0173031
0.0086724,0.0022429,0.0184235
0.0083561,0.0022296,0.0162439
0.0080724,0.0016388,0.0163816
0.0076265,0.0025071,0.0169418
0.0079949,0.0025051,0.0162061
0.0085714,0.0020541,0.0170622
0.0091388,0.0022724,0.0174051
0.0081204,0.0013582,0.0171776
0.0073786,0.0016561,0.0173776
0.007402,0.0027276,0.0173592
0.0074653,0.002552,0.0172163
0.0066939,0.0023939,0.0170327
0.0064347,0.0018857,0.0166378
0.006799,0.0024449,0.0173327
0.0074755,0.0026112,0.0159939
0.0072704,0.0016439,0.016699
0.0069551,0.0023633,0.0160398
0.0079265,0.0018714,0.0163816
0.0078051,0.0024071,0.0175735
0.0080143,0.0012612,0.0171622
0.0085755,0.0012949,0.016849
0.0079633,0.0028724,0.0164898
0.0076755,0.0025449,0.0165092
0.0078122,0.0020133,0.016199
0.007501,0.0022265,0.0176194
0.0075724,0.0023469,0.0170694
0.0074602,0.0030878,0.0172867
0.0072357,0.0016316,0.0173714
0.0069153,-0.0004378,0.0173204
0.0052643,0.003098,0.0170735
0.0060327,0.0048816,0.0159235
0.0095316,0.0034929,0.0175286
0.0107735,0.0010449,0.0213929
0.0091714,0.0016673,0.0164755
0.006902,0.0008673,0.0140806
0.0063245,0.0002214,0.0152031
0.0066929,0.0013663,0.0175357
0.007199,0.0025684,0.0177816
0.0075806,0.0027276,0.0167459
0.0078837,0.002449,0.0161969
0.0086255,0.0026224,0.0162684
0.0077327,0.0035061,0.0171765
0.0074755,0.003451,0.0170204
0.0064847,0.0006939,0.0163837
0.0059847,0.0014653,0.0160449
0.0059551,0.0022531,0.0168929
0.0068439,0.0021888,0.0159082
0.0076908,0.0023449,0.0184245
0.0086337,0.0018939,0.0164163
0.0081388,0.0021643,0.016852
0.0082837,0.0018224,0.0157837
0.0074918,0.0017857,0.0154306
0.0077694,0.0019633,0.0156663
0.0074867,0.0018959,0.0168745
0.00735,0.0022418,0.0178173
0.0071051,0.0017214,0.0188112
0.0069622,0.002449,0.0176071
0.0065122,0.002748,0.0170112
0.0067398,0.0018949,0.0153153
0.0077929,0.0018133,0.0162061
0.0077418,0.002098,0.0173071
0.0074449,0.0020531,0.017301
0.0078694,0.0023724,0.0172102
0.0076418,0.0019316,0.0164418
0.0078796,0.0017214,0.015601
0.0079102,0.0021429,0.0164684
0.0079673,0.0017745,0.0165878
0.0082,0.0023622,0.0170847
0.0072337,0.002602,0.0170296
0.0073724,0.0025867,0.0162745
0.0062173,0.0022276,0.0171602
0.0072255,0.0013296,0.0164429
0.0076449,0.0017357,0.016851
0.0073908,0.0028653,0.0168439
0.0072745,0.0031816,0.0161898
0.006401,0.0023133,0.0182337
0.0076969,-0.0014051,0.017199
0.005752,0.0018286,0.0173367
0.0067459,0.0057337,0.0162847
0.0092235,0.0040806,0.0158653
0.0112255,0.0018551,0.0204714
0.0107378,0.0014398,0.0171102
0.0080622,0.0018622,0.0144163
0.007002,0.0001276,0.0146622
0.0069694,0.0010357,0.0184041
0.0067684,0.0029418,0.0187633
0.0066571,0.0027122,0.0173806
0.0064602,0.0029051,0.0158857
0.0073112,0.0031204,0.0173765
0.0078776,0.0025888,0.0165755
0.0072224,0.0026541,0.0154316
0.0072255,0.0009255,0.0167816
0.0070908,0.0013214,0.0172582
0.0061071,0.0020663,0.015702
0.0075194,0.0016704,0.0168418
0.0088296,0.0017857,0.0183398
0.0088286,0.0029214,0.0169571
0.0086827,0.002201,0.0168112
0.0075633,0.0018,0.0169296
0.0079571,0.0016796,0.0168092
0.0074714,0.0019449,0.0152327
0.0074327,0.0021459,0.0167796
0.0070357,0.0014694,0.0170755
0.007352,0.0027429,0.0184224
0.0073184,0.0018592,0.0174449
0.0069102,0.002199,0.0162582
0.0065265,0.0019724,0.0164888
0.0066918,0.0025112,0.0163296
0.007001,0.0020357,0.0175939
0.0078235,0.0020714,0.0171582
0.0077173,0.0015071,0.0166429
0.0074684,0.0011633,0.0170102
0.0081439,0.0014929,0.0159418
0.0076847,0.0037398,0.0166214
0.0079776,0.0049449,0.0168765
0.0086847,0.0027704,0.0175122
0.0104867,0.0026204,0.0206439
0.0099388,0.0004918,0.0192765
0.0072143,0.0023418,0.0154541
0.0055276,0.0019582,0.016202
0.0051776,0.0007724,0.0180327
0.0062929,0.0035939,0.0196684
0.0069214,0.0048214,0.0176459
0.0075551,0.0037857,0.0169071
0.0074939,0.0031439,0.0171092
0.007048,0.0038092,0.0175204
0.00715,0.0022929,0.0166755
0.0068061,0.0006265,0.0170316
0.0068143,0.0003684,0.0177367
0.0069918,0.0029469,0.0169878
0.0076245,0.0040051,0.0168857
0.0087776,0.0023347,0.019402
0.0095633,0.0021888,0.0176388
0.0085337,0.0022898,0.0164551
0.0085316,0.0017888,0.0177714
0.0086735,0.0017806,0.0177276
0.0076031,0.002352,0.017502
0.0076,0.0019622,0.0171602
0.0073031,0.0027561,0.0176765
0.00685,0.0023745,0.0190143
0.0070837,0.0022163,0.0194
0.0065888,0.0023378,0.0181367
0.0068724,0.0024357,0.0170918
0.0077153,0.0018276,0.0176163
0.0074041,0.0023347,0.0179173
0.0087745,0.0027459,0.0179286
0.0081531,0.0028571,0.0177592
0.008302,0.0024235,0.017648
0.0083378,0.0020684,0.0181327
0.0084561,0.0020276,0.0180408
0.008548,0.0012418,0.0185857
0.0088776,0.0023347,0.0182633
0.0081908,0.0024439,0.0179633
0.0080918,0.0019173,0.0183541
0.0087918,0.0019296,0.0185561
0.0084643,0.0027235,0.0178531
0.0074684,0.0030561,0.0176908
0.0075755,0.002549,0.0179735
0.0061755,0.0035898,0.0196541
0.0074469,-0.0006122,0.0183684
0.00725,-0.0001163,0.0194541
0.0062714,0.0058378,0.018398
0.0095449,0.0057878,0.0148276
0.0124673,0.0010786,0.0219133
0.0110847,-0.0001367,0.0191439
0.0078296,0.0028582,0.0165582
0.0067735,0.0007429,0.0179531
0.0069684,0.0016531,0.019901
0.0069806,0.0038378,0.019199
0.0077235,0.0040888,0.0185327
0.0080245,0.0031786,0.0184735
0.0078704,0.0031724,0.0166643
0.0084622,0.0031194,0.0184082
0.0080765,0.0026724,0.0185827
0.0071959,0.0006929,0.0178786
0.0076724,0.0008306,0.0180449
0.0071296,0.0032184,0.0173041
0.0077735,0.0025612,0.018651
0.0087439,0.0021908,0.0206265
0.0093816,0.0024694,0.0185806
0.0087143,0.0028867,0.0174816
0.0089857,0.0017918,0.0181929
0.0091,0.0020071,0.0182592
0.0086959,0.0023306,0.016601
0.0082704,0.0030204,0.0176367
0.0074459,0.0029133,0.0189112
0.0074643,0.0018918,0.0192204
0.0073867,0.0011622,0.0191
0.0074276,0.0019592,0.0179163
0.0070816,0.0030398,0.0187265
0.0077531,0.0027357,0.0182929
0.0082173,0.0025296,0.0176867
0.0086031,0.0027051,0.0185888
0.0081898,0.0016327,0.0181786
0.008702,0.0027184,0.0168878
0.0080194,0.002198,0.0181163
0.0077133,0.0021286,0.0184735
0.0081184,0.002252,0.0185265
0.0083633,0.002599,0.0186571
0.0081204,0.0018367,0.0186867
0.0083286,0.0023296,0.0182908
0.0081765,0.0022378,0.0177592
0.0091939,0.0015704,0.0186112
0.0088898,0.0018082,0.0186704
0.007901,0.0028786,0.0177184
0.0074449,0.0034286,0.0190888
0.0069827,0.0011429,0.0179531
0.0073173,0.0001898,0.0184316
0.0062449,0.0032367,0.0191735
0.0080153,0.0054796,0.0163878
0.0103929,0.0036898,0.0193929
0.0111214,0.0008061,0.021001
0.0091306,0.0017469,0.0165694
0.0075949,0.0014173,0.0154102
0.0073663,0.0007704,0.0188837
0.0074255,0.0012429,0.0195653
0.0076918,0.0033745,0.0189061
0.0078969,0.002598,0.0170918
0.0079643,0.0030347,0.0180306
0.0082673,0.0023061,0.0177388
0.0084163,0.0026439,0.0179704
0.0075133,0.0023602,0.0175633
0.0078602,0.0009561,0.0178367
0.007199,0.0020745,0.0172531
0.0067602,0.0028714,0.0174224
0.0074653,0.0023816,0.0189694
0.0089796,0.0021031,0.0203592
0.0093796,0.0033041,0.0176949
0.0082776,0.00205,0.0169398
0.0091959,0.0009378,0.0186306
0.0083541,0.0027224,0.0186939
0.0081051,0.0029306,0.0178408
0.0079643,0.0024082,0.0179041
0.0079143,0.0026367,0.0187571
0.0083592,0.0022092,0.0184622
0.0079194,0.0020112,0.019551
0.0075306,0.002502,0.0182704
0.0071939,0.0031622,0.0176357
0.0077194,0.0031153,0.018002
0.0081551,0.0018357,0.0179643
0.0084959,0.00195,0.017252
0.0078704,0.0023714,0.0180704
0.0080439,0.0027092,0.0186245
0.0077847,0.0021531,0.0182204
0.0084408,0.0024163,0.0186643
0.0083786,0.0022439,0.0178296
0.007952,0.0026357,0.017949
0.0082449,0.0028092,0.017951
0.0083153,0.0009224,0.0186816
0.0077918,0.001398,0.0180673
0.0085592,0.0024429,0.0181541
0.0086102,0.0025898,0.0176867
0.0086796,0.0029031,0.0179286
0.00765,0.0032184,0.0187439
0.006101,0.0038357,0.0175347
0.0079888,-0.0023031,0.0180561
0.0070837,0.0015684,0.0197337
0.0064163,0.0065959,0.0176929
0.0086337,0.0054194,0.0154173
0.0119663,4.49e-05,0.0209276
0.0115286,-0.0007276,0.0194102
0.0073908,0.0021388,0.0152816
0.0066439,0.0010704,0.0164041
0.0065418,0.0010265,0.0199143
0.0067092,0.0036888,0.0201714
0.0074378,0.0035612,0.0184184
0.0089755,0.0031122,0.0174265
0.0092143,0.0030888,0.0173755
0.0084296,0.0028612,0.0171612
0.0080571,0.0037694,0.0171888
0.0075714,0.0018398,0.0182327
0.0076602,0.001201,0.0181663
0.0070582,0.0023929,0.0178286
0.0119459,-0.0674571,0.0564735
-0.2673286,-0.3321602,-0.0520459
-0.5340163,-0.5523429,-0.3912204
-0.6273888,-0.6364316,-0.412301
-0.61025,-0.7309245,-0.2263367
-0.5935255,-0.4703031,-0.2031847
-0.2476102,-0.2504806,-0.059748
-0.11305,-0.2862755,0.0671388
-0.474202,-0.3217459,0.1942408
-0.5961286,-0.2151459,0.32125
-0.2230765,-0.091752,0.3640541
0.2015602,-0.0331643,0.0238265
0.3646316,-0.1732796,0.0440204
-0.0130418,-0.3014082,0.1003582
-0.3799112,-0.2277867,0.397048
-0.3749265,0.0067388,0.4744429
-0.3737735,0.0800867,1.2026612
-0.1363418,0.0283918,0.8925347
0.2061031,0.034849,0.1373653
-0.1174459,0.0576337,-0.1155929
-0.4855622,0.2086061,0.4418245
-0.5283949,0.1307724,0.4917296
-0.3043327,-0.1165684,0.6395755
-0.2213755,-0.1912071,0.7508347
-0.2526286,-0.1979143,0.5757643
-0.2931939,-0.3731408,0.4161684
-0.1533122,-0.5855,0.2877
-0.0967827,-0.5125612,0.0070735
-0.0932898,-0.5100418,-0.0647806
-0.047698,-0.5963347,-0.2477582
0.005149,-0.5878327,-0.3579837
0.0041755,-0.5656184,-0.4320929
0.0358061,-0.5867704,-0.5048276
0.1822949,-0.5484265,-0.4840459
0.2527847,-0.4228857,-0.3481745
0.227552,-0.2526939,-0.297302
0.2860184,-0.0979561,-0.2218459
0.5229551,-0.0811459,-0.145149
0.5689949,0.0830439,-0.0030704
0.3898469,0.1536867,-0.0701357
0.2237663,0.2534224,-0.0392122
0.2025939,0.3892408,-0.1369898
0.2116561,0.2958367,0.17175
0.132851,0.369051,-0.2789673
-0.0344408,0.0321684,0.9390622
0.0883357,-0.4641724,-0.2051755
-0.0009449,-0.2902949,0.1658245
0.0488163,0.0202265,-0.0501704
-0.0192408,0.038101,0.0600571
0.0033602,0.0170265,0.0696633
0.0035837,0.0229061,-0.0132857
-0.0559133,-0.0293327,-0.0119418
-0.0500857,-0.0110337,-0.0062418
-0.0214653,-0.0459929,0.0696694
0.0211367,-0.0567337,-0.0261429
-0.0042714,-0.0274878,-0.0231959
-0.0155316,-0.0223949,0.0571449
0.0273316,-0.0323255,0.0465337
0.024452,-0.0070224,0.0053194
0.003448,0.0082694,-0.0016082
-0.0669867,-0.0107133,-0.0088163
-0.094948,-0.0234816,0.0726551
-0.000402,0.0991643,-0.0119847
-0.0354082,0.2518786,-0.0023694
-0.2379531,0.2149531,-0.1722347
-0.1470296,0.1354837,-0.040299
-0.1424541,0.1417408,0.0387
-0.1528551,0.051399,0.0675031
-0.0594122,-0.0370092,0.06605
-0.0408153,-0.0114378,-0.0179582
0.0350153,-0.0355776,-0.1937612
0.0358867,-0.0321847,-0.1579316
0.0353959,-0.0528622,0.0143837
0.1279847,-0.1934755,0.1154949
0.1352082,-0.1691163,0.1030459
0.0529806,-0.0679133,0.0172173
0.0584663,-0.0633602,-0.073998
0.0718796,-0.0701551,-0.1245449
0.0439918,-0.0553571,-0.0388143
0.0585878,-0.0579704,0.0172235
0.0713337,-0.0377041,-0.06275
0.08005,-0.0469592,-0.08455
0.0510051,-0.0194449,-0.0555
-0.0611551,-0.0627347,0.1206245
-0.0755143,-0.0139551,0.4105673
-0.0259908,-0.0417908,-0.0805959
-0.0726092,-0.013048,-0.1195806
-0.0996561,0.0237806,-0.0382827
-0.0323888,0.0087194,0.118799
-0.0531592,-0.0428939,0.1208633
-0.0023745,0.0002429,0.1152184
0.0076908,-0.0001571,0.0243439
0.0665551,0.0049276,0.0091418
-0.0364031,-0.0032449,-0.0180571
0.0072969,-0.0012633,0.1159102
0.0225061,-0.0061469,0.1216194
0.0247388,-0.0471418,-0.0199153
0.0457939,-0.0041959,-0.0953592
0.0231041,-0.0100051,-0.0758704
-0.0022684,-0.0208898,0.0088929
-0.0071316,0.0036449,0.0538398
-0.0106235,-0.0073163,-0.0194418
-0.0103541,-0.00805,0.0494316
-0.0142337,-0.0022163,0.0954327
-0.0086265,0.0002673,0.0469082
-0.0271265,0.0214235,-0.0311857
-0.0501469,0.033602,-0.1541929
-0.0216184,-0.0144847,-0.0583224
-0.0482,-0.0006031,0.0685102
-0.0455633,-0.0089551,0.0798551
-0.0223684,-0.0013429,-0.006752
-0.0418031,0.0272786,-0.0217051
-0.0297408,0.0287418,-0.00985
-0.017651,0.0033184,0.0269388
-0.0145857,-0.0037704,0.0579673
-0.0023337,0.006802,0.0302296
0.0135959,-7.1e-06,-0.005799
0.0374939,0.0124296,-0.0014204
0.0253714,-0.0034173,-0.0149245
0.0391969,0.0014816,-0.0208949
0.0247612,0.0095888,-0.0124378
0.0286469,0.006952,-0.03145
-0.0183214,0.0186622,-0.046501
-0.0026133,0.0134633,-0.0306755
-0.014648,0.0103122,-0.0585439
-0.0241531,0.0335051,-0.0563684
-0.0208,0.0189929,-0.0461429
0.0038367,0.0012867,-0.0324592
-0.016552,0.0138561,-0.0667929
-0.0037194,0.0328357,-0.1207418
0.0046837,0.0304735,-0.1554235
0.0202224,0.0306622,-0.1626398
0.0062918,0.0468949,-0.2445112
0.0126041,0.0952469,-0.3815143
-0.0917082,0.2273735,-0.6475745
-0.2552235,0.414401,-0.9408031
-0.3691806,0.4262031,-0.9295439
-0.2976622,0.3406306,-0.8556194
-0.4069592,0.4205908,-0.9412133
-0.6729694,0.4825714,-0.9842908
-0.731699,0.3994673,-0.7966082
-0.6086735,0.4558469,-0.6850398
-0.6359184,0.4627357,-1.0602918
-0.8978071,-0.1061112,-1.3408878
-1.3990296,-1.028151,-0.81725
-2.3403255,-2.2714265,0.3390908
-2.7791347,-3.0849929,1.9353031
-1.7092908,-2.5484296,3.1613867
-0.8248459,-1.5510173,2.8964418
-0.4096041,-0.9910653,1.7498327
0.2054582,-0.8662061,0.3268633
0.3355827,-0.503702,-0.4692245
0.3962286,-0.1759031,-0.4867867
0.2334602,-0.0122082,-0.3954286
-0.2052612,0.1568357,-0.1646867
-0.7029388,0.3026847,0.2765173
-0.9501286,0.1800867,0.6383286
-0.8235347,0.0683439,0.7126643
-0.7658051,0.0229765,0.5683102
-0.7236714,0.0558898,0.3353929
-0.5621612,0.1136684,0.2082122
-0.4982704,0.1512398,0.1165939
-0.4603541,0.2329184,0.1486235
-0.3634337,0.1744908,0.1340439
-0.2428296,0.0685398,0.1824806
-0.0458347,-0.0228102,0.2707153
0.0715735,-0.0555418,0.2045459
0.0581939,-0.0185184,0.1300071
0.0190184,0.0073041,0.0383582
-0.0535745,0.0468418,0.0236643
-0.0700541,0.0676684,0.1190653
0.0015714,0.0392673,0.2102316
0.1120286,-0.1191765,0.2670694
0.137852,-0.1162408,0.1327306
0.0142092,0.0114582,0.049899
-0.0953429,0.041249,0.1219888
-0.1102857,0.0379378,0.2317908
0.0377347,-0.037702,0.1140908
0.0257337,-0.0542,0.0132398
0.0217316,-0.0114061,-0.1320949
-0.042798,0.1306347,-0.294352
0.0411071,0.2183245,-0.0076837
-0.0115969,0.0743306,-0.0966082
0.0756153,0.0181153,-0.289249
0.1762633,0.1927735,-0.2714939
-0.1014357,0.5601449,-0.4738765
-0.072451,0.117001,-0.4874561
0.2012796,0.1613837,0.0678398
0.2115816,-0.0322378,-0.0332786
0.1814357,-0.0843908,-0.0928214
0.0433255,-0.0691276,-0.0777878
-0.0558582,0.061052,-0.041251
-0.0599888,0.1199122,-0.165
-0.091002,0.0719459,-0.2652327
-0.0089898,0.0139082,0.0135265
0.0459061,0.0304388,0.1594429
0.0570061,0.1574061,0.0354041
0.0637469,0.0858469,-0.1081082
0.1438949,-0.1220051,-0.2084184
-0.0542673,-0.0445092,-0.0850837
-0.0402388,-0.0311459,0.1120337
-0.1234245,0.038399,0.3059143
-0.2454959,0.1989929,0.3949653
-0.2937918,0.2327388,0.2188806
-0.1902112,0.0973286,0.1429245
0.0064133,-0.0364898,0.0829194
0.0004408,-0.124499,-0.0629306
-0.0921286,-0.2040857,-0.1178796
0.0663061,-0.0610439,0.1809541
-0.1152357,-0.0572153,0.3501694
-0.1019806,-0.1706898,0.1143459
-0.1538867,-0.1222347,0.1746408
-0.1108622,-0.1493612,0.5228357
-0.1753061,-0.1680571,0.9085571
-0.2089459,-0.1180633,0.7172684
-0.1736408,-0.1135612,0.34535
-0.1530837,-0.032549,-0.1409224
-0.1495857,0.0655194,-0.1973622
-0.0243816,0.0760255,-0.321502
0.0658418,0.0764306,-0.4023592
0.1031602,0.0788704,-0.3595388
0.1135265,0.04165,-0.1823031
0.111499,0.0735755,-0.0232755
0.1439551,0.0954918,0.0056122
0.2005316,0.0407276,-0.0632582
0.1387949,0.0367929,-0.1173398
0.0679286,0.1054735,-0.1003765
0.1099724,0.0744959,-0.0671939
0.1199602,0.0037612,-0.0678949
0.1012643,0.0269153,-0.1410102
0.150502,0.0252286,-0.1603602
0.2364112,-0.0213878,-0.2140918
0.6809653,-0.0307786,0.2318459
0.4738582,0.0413806,0.1485898
0.1136224,0.0228612,0.0007224
-0.2584388,-0.0685551,-0.1980388
-0.3722082,-0.0475939,-0.1740184
-0.250148,0.0157245,-0.1025031
-0.014849,-0.005899,-0.0906173
0.0074061,-0.0119541,-0.1294133
0.0151929,-0.101749,0.0053408
0.0209827,-0.159302,0.2667102
-0.1416602,-0.0156347,0.2629469
-0.2003265,0.0425265,0.0045112
-0.0270541,-0.0193663,-0.0147837
0.0186704,-0.0279786,-0.1054469
-0.0274878,-0.0111684,-0.1632082
-0.0323173,-0.0420531,-0.1960684
-0.0380327,-0.1362622,-0.1330296
0.0458439,-0.2639235,0.057499
0.2080112,-0.3832867,0.2047214
0.155398,-0.3046684,0.1998255
-0.0133184,-0.08815,0.0606398
-0.1894306,0.2175469,-0.0366337
-0.0676939,0.1915857,-0.3709439
0.123401,0.0662898,-0.6063898
0.0921102,0.0761439,-0.5807796
-0.0054816,0.0716633,-0.4519551
-0.1024173,0.0800449,-0.2483724
-0.1666347,0.0701469,0.1213388
-0.1837061,0.0684786,0.3680306
-0.0741531,0.0597051,0.4934449
0.0447112,-0.0269031,0.4949908
-0.0530735,-0.0137867,0.3327755
-0.0998735,0.0790918,0.1447786
0.0276306,0.0807439,0.0438724
0.1379776,0.0807367,-0.0787622
0.0645337,0.0585133,-0.1610418
-0.0448316,-0.0116102,-0.1434296
-0.0768041,-0.003652,-0.0572418
-0.0457061,0.0317204,0.0760214
0.0089898,0.013052,0.1469847
0.0414847,-0.0059806,0.1058204
0.0409888,-0.0265224,0.0359378
0.0083357,-0.0243041,0.020448
-0.0045837,-0.0232418,-0.0026122
0.0101347,-0.0286041,-0.0558643
-0.1503031,0.0295398,-0.5792551
0.0205939,-0.0195867,0.2453663
-0.0106224,0.0322724,0.3295643
-0.0329092,0.0402582,-0.0274316
