accx,accy,accz
0.015502,-0.0344643,-0.0837633
0.0173214,0.0049255,-0.0345255
0.0454173,-0.0019255,-0.0232245
0.0421041,-0.0077439,0.0008449
-0.0012796,-0.0018367,0.0254531
-0.0241551,0.0057602,0.0151378
-0.0286602,0.0124276,-0.0014122
-0.0264551,-0.0053092,-0.003899
-0.0283051,-0.0234571,-0.0171735
-0.0338122,-0.0025388,-0.0280929
-0.0112755,-0.0040745,-0.0525796
0.0233633,-0.0147357,-0.0682122
0.0334153,0.0042459,-0.0879388
-0.0186806,-0.0015184,-0.0958592
-0.0417684,-0.0106827,-0.0473571
-0.0153133,-0.0054469,0.0180224
-0.0276735,0.0071735,0.0281653
-0.0265469,-0.0123449,-0.0714378
-0.0410194,-0.04155,-0.1992816
-0.0110622,-0.0446806,-0.1956939
0.0143245,-0.0310276,-0.0222439
0.0604786,0.0354602,0.1715459
0.1277133,0.0442408,0.2022245
0.0008939,0.0361316,0.1159265
0.0236714,-0.0192612,0.0445918
0.0500724,-0.0532561,-0.0744786
0.0436429,-0.0791061,-0.1007245
-0.0199122,-0.0654827,0.0440306
-0.0689388,0.0130398,0.233498
-0.0080786,0.0437918,0.3372724
0.0254398,-0.0042622,0.1575592
-0.0953888,-0.0186,0.0794959
-0.1631316,0.0693949,-0.0079816
-0.1475408,0.0905469,0.0077449
0.0088184,0.0376878,0.0533214
0.1497061,-0.0367398,0.089052
0.1516367,-0.0306255,0.0725429
0.0654163,-0.020101,-0.1255469
0.0457449,-0.0353316,-0.1663653
0.0541939,-0.0469041,-0.1940633
0.0025755,-0.0468765,-0.0814745
-0.0161929,-0.0195235,0.0140204
0.0070735,-0.0074898,-0.0271602
0.136299,-0.001848,-0.1365296
0.242398,0.0150531,-0.2533816
0.242751,0.0363684,-0.3020306
0.3565245,0.0104602,-0.4056806
0.2914929,0.0276276,-0.5118786
0.5024673,0.2231633,-0.4801602
0.2519776,0.0694071,-0.2623255
-0.0931918,0.1151265,0.3117378
-0.0613541,-0.0267878,0.4173796
-0.16365,-0.0513347,0.4810867
-0.0882122,0.0517204,0.2528173
0.0602061,0.0344449,-0.0416745
0.0663918,-0.0148153,-0.2196204
0.113698,0.0060878,-0.2112735
0.214348,0.0193163,-0.1707204
0.1525929,0.0854949,0.0090061
0.1092551,0.097198,0.1724184
0.3296592,0.015849,0.1106643
0.4603918,-0.0470827,0.0232122
0.4650939,-0.0756306,0.1397898
0.3748847,-0.0991653,0.2000571
0.2796663,-0.0751194,0.1430092
0.2316633,-0.0929561,0.0648388
0.0715663,-0.0999143,0.123249
0.0874898,-0.1236888,0.0520204
0.171448,-0.1900888,-0.0688235
0.0934551,-0.2261245,0.0977102
-0.122398,-0.1723327,0.2305898
-0.2089082,-0.1015592,0.1900163
-0.2540551,-0.019952,0.3787939
-0.2019398,0.0130929,0.4811827
-0.0683255,-0.0023969,0.3592582
-0.1002949,0.0972633,0.0417327
-0.1201469,0.0776031,0.0090367
-0.0566031,0.0306622,0.1438745
0.05495,0.0208724,0.1162418
0.0303357,-0.0296235,0.1057755
-0.0339296,-0.0494235,0.0184694
-0.0505918,-0.028948,-0.0540439
0.0061949,0.0409296,-0.0725551
0.0681704,0.0699663,-0.0827398
0.0552735,0.0320551,0.0122949
0.0260418,0.0145714,0.0586286
0.051751,0.0176867,0.0281388
0.0506796,-0.0055388,-0.0266582
0.0297316,-0.0441633,-0.0095173
0.040352,-0.0662867,0.0075214
0.0724235,-0.0599929,-0.0015939
0.135151,-0.0469531,-0.0185459
0.1427327,-0.0583765,0.021448
0.0945663,-0.0800153,0.053049
0.0342378,-0.0785092,0.0514429
-0.0183429,-0.0830939,-0.0035898
-0.0597847,-0.0754929,-0.0122806
-0.0709745,-0.064548,-0.013901
-0.0219949,-0.0188857,-0.0164388
-0.1314837,0.1742061,0.0511939
-0.6697378,0.6527908,0.087799
-0.5465745,0.2833041,0.0298622
-0.2524949,0.0037816,0.4455439
0.0746082,-0.0216235,0.2113378
0.2970939,0.0204459,0.0090031
0.3764612,-0.0121316,-0.1557765
0.2168622,-0.0385837,-0.1283551
-0.0052582,0.0304316,-0.0123592
-0.161252,0.1169714,-0.0630663
-0.2186418,0.0697755,-0.0492041
-0.0975694,-0.0776755,0.0692061
-0.0124724,-0.117251,0.1043316
-0.0576,-0.0333184,0.0670888
-0.1217296,-0.034248,0.0027255
-0.1990663,0.0663102,0.0156633
-0.2148224,0.2546357,-0.0363571
-0.2996571,0.2728561,-0.0849765
-0.2791092,0.040802,0.0525959
0.0715,-0.1183143,0.0303102
0.2912949,-0.1409949,-0.0826633
0.2054143,-0.1060898,0.013498
0.0254735,-0.1430031,0.0907459
-0.0075,-0.221548,0.1514918
0.0807163,-0.1968143,0.1785582
0.1546571,-0.0967888,0.0206143
0.0365694,0.0391163,0.0164806
-0.0412969,0.0401245,0.0534184
-0.0662296,0.0596816,0.0726469
-0.0493449,0.0684337,0.0202224
-0.1107541,0.0213388,-0.0186602
-0.1708704,-0.0125949,-0.0403204
-0.167502,-0.0753612,0.0134653
-0.0763959,-0.0847745,0.0839857
0.1155633,0.0209102,-0.1282245
0.144202,0.0154969,-0.1644061
0.0639245,-0.1433031,-0.02895
0.0138643,-0.1693969,0.1916837
0.0246918,-0.0246745,0.3747867
0.2860092,-0.0584531,0.3000306
0.1979122,0.2148296,0.3275969
-0.0165224,0.2896837,-0.0481633
-0.5115245,0.3440082,-0.0670102
-0.5338255,0.3668112,-0.1640929
-0.0534214,0.3324827,-0.0792969
0.2264714,-0.1024827,-0.0091755
0.2752418,-0.2361969,0.2392908
0.1083245,-0.1057214,0.2245041
0.1299112,0.0837633,0.0554694
-0.0658204,0.0960602,-0.0893327
-0.1801816,0.0360602,0.0208561
-0.1085316,0.0145265,0.1502541
-0.087351,-0.0036316,0.2379796
-0.2511102,-0.0495418,0.1349776
-0.129499,-0.1063051,-0.0339418
0.3205939,-0.2711378,-0.1378551
0.4669173,-0.4439245,-0.0257816
0.3551612,-0.6369071,0.1584316
-0.0095398,-0.0349582,-0.0807214
0.0706347,0.2332816,-0.157349
0.0551694,0.319998,-0.4343306
0.2060357,0.0012378,-0.4046082
-0.0154112,-0.1687061,-0.1569133
-0.2129367,-0.401101,0.0140663
-0.0321827,-0.5833735,0.2949276
-0.1165224,-0.1102102,0.1452071
-0.3400622,0.274548,0.1480776
-0.4821357,0.1408908,0.2596673
-0.363348,-0.0517388,0.8444439
0.1041388,-0.5277469,0.6949959
-0.3931418,0.6245939,0.4574031
-0.5109653,1.2194133,-1.1211663
0.5556408,0.641151,-0.8864122
0.8096245,0.3042582,-0.4450612
0.462998,0.0672388,-0.0078051
0.20265,-0.1077112,0.2623153
0.0280408,-0.1381286,0.2037122
0.0624561,-0.0723041,0.02695
-0.1758255,0.0315857,-0.0043551
-0.3013235,0.0984847,-0.1340643
-0.3349173,0.0216551,-0.1227796
0.0656837,-0.1256561,-0.0805592
0.1308092,-0.1271867,-0.0856408
-0.0601704,-0.1892276,0.425
-0.1628133,-0.1815255,0.2653714
0.0267398,-0.3179153,-0.2314469
0.1508745,-0.3344765,0.0400918
0.3834561,-0.438499,0.3209051
0.0781041,-0.3077092,0.5150633
0.2457969,0.0720388,-0.3246255
0.0268714,0.0637867,-0.1428204
-0.8617367,0.1909296,0.3191
-0.5798724,-0.1681224,-0.0569224
-0.2330592,0.0131633,0.2635398
0.2308561,0.2115357,0.1108939
0.3015816,0.0757643,-0.1282418
0.1912367,-0.1160949,-0.0586949
0.0847755,-0.0576949,0.1705388
-0.0842214,-0.0388878,0.0443
-0.0824949,-0.0064612,-0.0189684
-0.0036122,0.0421724,-0.1404612
-0.0577582,0.1282612,-0.2218153
-0.155601,0.0435786,-0.1109469
0.1037429,-0.262602,0.1604296
0.1440684,-0.6217122,0.167951
-0.0376357,-0.5773408,0.0563327
-0.3318122,-0.0414122,0.0040939
-0.0634378,0.4003694,0.0537765
0.0997398,0.6447296,-0.0532388
0.1272908,0.3750235,-0.2663571
0.1072061,-0.2365357,-0.125598
0.1581694,-0.1935796,0.0549827
0.0232735,-0.2105755,0.0978633
-0.0691867,0.0707806,0.0954765
-0.1496286,0.0618367,-0.01625
-0.1149582,-8.37e-05,-0.0791439
-0.031902,-0.1350031,0.0158827
0.0100306,-0.0409929,-0.0742316
0.0199561,0.1258112,-0.219102
0.0220173,0.1831959,-0.1217449
-0.148449,0.1402561,-0.1158663
-0.0167592,0.0634092,-0.1122551
0.0006969,-0.0046143,-0.0785908
0.1186663,-0.2233796,-0.0413592
0.5036837,-0.4882347,0.1396224
0.1816571,-0.1987112,0.0604051
0.027549,-0.0558082,-0.0237031
-0.0245735,0.0262561,0.0163265
-0.1987378,-0.0396265,0.7100745
-0.4681122,0.0318929,0.3353347
0.427402,-0.6284367,-1.1562051
-0.0122184,-0.4245357,0.4523276
-0.2218296,-0.2216306,0.0093276
-0.2275092,-0.0416388,0.0433765
-0.1862031,0.1459837,-0.0642031
-0.1815867,0.1138112,-0.1456092
-0.2735837,0.0646765,-0.2077429
0.0782867,0.0121214,-0.1967388
0.4756541,0.0339418,-0.2084571
0.5186255,0.0408531,-0.3272316
0.2015633,-0.1025469,-0.0514398
0.1782612,-0.2984776,0.1689806
0.4164092,-0.2543847,0.1246765
0.3314561,-0.1203704,0.2249184
0.0685898,-0.1182704,0.3022602
-0.1830796,-0.0505816,0.2915184
-0.1198694,0.0348888,0.3825296
-0.1721163,-0.0018265,0.0990582
-0.309198,0.0160173,0.0712745
-0.270299,0.0100653,-0.137602
-0.0759653,0.1107306,0.0511837
0.0598929,0.0985143,-0.0848816
0.1771071,0.0835316,-0.2029796
-0.0023612,0.1578735,-0.6759704
0.1735908,-0.1327408,-0.8573357
0.3548194,-0.0428929,0.5330796
0.058449,-0.2873092,0.7114163
-0.1185663,-0.3065643,0.0767643
0.0536898,-0.2375663,0.1132837
-0.1756571,-0.0834724,-0.0474867
0.0203786,-0.3212888,-0.1647714
0.2677622,-0.02895,-0.0320173
0.009198,0.1400133,0.005752
-0.0883786,0.0132776,0.0725082
-0.0161541,-0.1050888,0.1231316
-0.0465378,-0.0332041,0.0381898
-0.029099,-0.103198,-0.026548
0.0540663,-0.1577561,-0.0201796
0.177902,-0.2649561,0.0063214
0.276651,-0.4908051,0.2565969
0.0694388,-0.4293592,0.3276541
0.0919541,-0.0741082,0.1413622
0.0789571,-0.1085398,0.0281949
0.5166806,0.1323755,-0.0280102
0.4864061,0.1149857,-0.5372082
0.4782694,0.062452,-0.7500918
0.2463837,-0.0712541,-0.4564939
-1.0975765,-0.3613888,0.5680327
-2.0356969,-1.2204439,0.7511735
-1.4846133,-0.8555061,-0.2767929
-0.6695398,-0.4434541,-0.1865143
-0.3261398,0.0481051,-0.0336327
0.482252,0.4761918,0.1991878
0.0645102,0.4636459,-0.1648469
-0.161351,0.3779898,-0.2754439
0.0847673,0.8701633,0.1774286
-0.4411296,0.7925112,-0.1661724
-0.7321653,0.0773133,-0.1001673
-0.5495551,-0.36085,0.2005459
-0.2573306,-0.1768388,0.1254592
-0.0156735,0.0749878,-0.1029592
0.0439092,0.0452714,0.0864265
0.0814673,-0.1391571,0.2805204
0.1553735,-0.2610694,0.2382531
0.4249082,-0.3503704,0.0442286
0.2262949,-0.1687153,-0.0802163
0.1003867,-0.0629112,-0.0757286
0.1288551,-0.0634694,0.0187541
0.0575,-0.0556122,0.08
-0.0085663,-0.0480469,-0.0369898
-0.0278306,-0.0651735,-0.1827296
0.0441357,-0.0862418,-0.1235806
0.1349439,-0.0849571,0.0435357
0.1551337,-0.0932653,0.0889388
0.1268929,-0.1072776,0.0291184
0.0399122,-0.0732878,0.0673296
0.0186255,-0.0381663,0.0475847
-0.0056327,0.0073888,0.0671898
-0.0690735,0.0134378,0.0352857
-0.0300755,-0.0202265,-0.0644531
-0.0169806,-0.0256592,0.0118704
-0.0305296,-0.0032061,0.035752
-0.2187959,0.0641776,0.0789561
-0.3442449,0.1099224,-0.0350888
-0.301299,0.0646255,-0.1734153
-0.1732827,0.0009939,-0.04765
-0.0142786,-0.0361143,-0.0848092
0.0197541,0.0016724,0.0162429
0.2315327,-0.0682378,-0.1765112
0.4411643,-0.1380898,0.0424184
0.3688939,-0.1396347,0.0868582
0.2453929,-0.1191469,0.0419204
0.0907276,-0.0736796,-0.0449163
0.1267612,-0.0863102,0.0452
0.0934061,-0.0096418,0.0486041
0.0277347,0.0492673,0.0269388
0.0171408,0.0327173,0.0106347
0.0179816,-0.0065102,0.010601
0.0169357,-0.0157959,0.0234776
0.016902,-0.0058306,0.0327796
0.0143204,-0.0028031,0.0360102
0.014752,-0.0124755,0.0323378
0.0135724,-0.0167867,0.0265041
0.0108429,-0.0103347,0.0245796
0.0098592,0.0005918,0.0245704
-0.0012296,0.0036276,0.0196898
-0.007402,0.0014837,0.0161051
-0.0011663,0.004098,0.0056122
0.0102041,0.0051408,0.003198
0.021648,0.0032245,0.0042653
0.0317633,0.0070429,-0.0009653
0.0348592,0.0080622,-0.0064214
0.0375786,-0.0013541,-0.0077541
0.0402908,-0.0123102,-7.1e-06
0.0306184,-0.0079939,0.0100133
0.0249235,-0.003248,0.0088949
0.0161429,-0.0076541,0.0066918
0.0094898,-0.0099276,0.0117194
0.0059265,-0.0006673,0.0161602
0.0097184,0.0042571,0.0155204
0.0112592,-0.0068622,0.0136806
-0.0031296,-0.0145653,0.0176592
-0.0133827,-0.0028408,0.0161184
-0.0160235,0.0077735,0.0174173
-0.0089071,0.0032786,0.019249
-0.007402,-0.0024898,0.0169571
-0.0079776,0.0037531,0.0011439
-0.0025061,0.0083306,-0.0043969
0.0077204,0.0090051,-0.0084888
0.0222786,0.0012735,-0.0142857
0.0286918,-0.0074051,-0.0162102
0.0335776,-0.0094439,-0.0148163
0.0353551,-0.0014184,-0.0157653
0.0412541,0.0018306,-0.0048663
0.037348,0.0020939,-0.0010224
0.0311878,-0.005651,0.0004133
0.0309439,-0.0157673,0.0048878
0.0235612,-0.0195633,0.0123214
0.0175316,-0.0110163,0.016449
0.0104684,-0.0011622,0.0149051
0.0056857,0.0053133,0.0164735
0.0112041,0.0053755,0.0102296
0.0132061,0.002299,0.0108602
0.0118102,-0.0001837,0.0067735
0.0114724,-0.0022663,0.006052
0.0135929,-0.0030173,0.0055276
0.0131133,-0.002851,0.0074745
0.0135765,-0.0025837,0.0036582
0.0101551,-0.0025694,0.0058684
0.011598,-0.0015714,0.0097939
0.0108031,0.0008306,0.0067694
0.0124276,-0.0024092,0.0114582
0.0140776,-0.0026776,0.0077245
0.013749,-0.0018714,0.0072112
0.0156143,-0.0009388,0.0098153
0.0191816,-0.0007908,0.0062796
0.0178357,-0.0019684,0.0054551
0.0174898,-0.0042031,0.0065561
0.0166714,-0.0043643,0.0052194
0.0178857,-0.00285,0.0054929
0.0152439,-0.0035939,0.0077418
0.0178327,-0.0032122,0.0083714
0.0166969,-0.0027,0.0094867
0.0162857,-0.0019347,0.0091796
0.0144316,-0.0014071,0.0099102
0.0144031,-0.0008622,0.0101755
0.013701,-0.0010622,0.0088224
0.0130184,-0.0013561,0.0084255
0.0132551,-0.001898,0.0078133
0.0148224,-0.0014531,0.0092459
0.0139418,-0.0027296,0.0079633
0.0151847,-0.0024184,0.006298
0.0152143,-0.0008612,0.0083531
0.0157582,-0.000849,0.007302
0.0172918,-0.0033143,0.008452
0.0153949,-0.0045908,0.0059347
0.0169184,-0.0023245,0.0097827
0.0162235,-0.0007949,0.0065959
0.0162827,-0.0036653,0.0074551
0.0152969,-0.0046112,0.0077724
0.0169939,-0.0013102,0.009399
0.0143112,0.0015908,0.0081194
0.0147684,0.0016061,0.0084643
0.0194204,0.0003643,0.0091622
0.0188867,-0.0029102,0.0080827
0.0136888,-0.0066255,0.0077439
0.0124429,-0.0050112,0.0066388
0.0131735,-0.0023255,0.0084796
0.0157235,-0.0019051,0.0090929
0.0159969,-0.0019806,0.0064837
0.0170357,-0.0026327,0.0074622
0.0153071,-0.0006296,0.0086122
0.0155796,0.0007408,0.0092684
0.014698,-0.0016602,0.0073531
0.0160541,-0.0030878,0.0051367
0.0158806,-0.0029286,0.0078827
0.0144663,-0.0007173,0.0082806
0.015102,-0.0015469,0.0088867
0.0159051,-0.0016633,0.0061786
0.0167163,-0.0036143,0.0069908
0.0153827,-0.0038,0.0098929
0.0151643,-0.0024561,0.007101
0.0135398,-0.0024551,0.0058633
0.0140796,-0.0019051,0.0074592
0.0140837,-0.0024908,0.0079031
0.015302,-0.0009541,0.0089939
0.0152429,-0.0002633,0.0086235
0.0162388,-0.0010908,0.0080276
0.0143367,-0.0020918,0.0062071
0.0149235,-0.0035357,0.0074786
0.0146173,-0.0022592,0.0065867
0.0144571,-0.0023235,0.0087531
0.0160133,-0.0026561,0.0076112
0.0156316,-0.0020265,0.0076571
0.0158276,-0.0022602,0.0082694
0.0155561,-0.0014745,0.0072602
0.0147061,-0.0009286,0.0080724
0.0140408,-0.0017255,0.0071255
0.0140429,-0.0022633,0.0076939
0.0161878,-0.0021051,0.0079602
0.0160214,-0.0028837,0.0060449
0.0164714,-0.0020684,0.0080347
0.0143133,-0.0021673,0.0086633
0.0145204,-0.0015092,0.0082418
0.0142133,-0.0012969,0.0077061
0.0150173,-0.0040469,0.0084622
0.0157306,-0.0028602,0.0070102
0.0138724,-0.000199,0.0066929
0.0154071,0.0031643,0.007399
0.019799,-0.0006112,0.0097163
0.0176071,-0.0051449,0.0069969
0.0109571,-0.0062204,0.0073673
0.0124857,-0.0041173,0.0079786
0.014198,-0.0028561,0.0068918
0.0167816,-0.0025592,0.0086439
0.0158643,-0.0017153,0.0072173
0.0147684,0.0001204,0.0062112
0.0143878,0.001351,0.0075949
0.0155041,0.0008469,0.0076724
0.0150551,-0.00165,0.0076245
0.0153357,-0.0030082,0.0067714
0.0131408,-0.00355,0.0092184
0.0140224,-0.0020051,0.0074245
0.015599,-0.0018388,0.0075194
0.0149949,-0.0024918,0.0071735
0.0173276,-0.0039735,0.0064102
0.0163694,-0.0030969,0.0076367
0.0137561,-0.0013755,0.0080816
0.0140265,-0.0018071,0.0076265
0.0148796,-0.0021418,0.0075837
0.015248,-0.0025235,0.0074408
0.0150398,-0.0007684,0.0078796
0.013852,-0.0005214,0.0091153
0.0148592,-0.0023684,0.0061388
0.016002,-0.0035602,0.0075561
0.0141867,-0.0017765,0.0079173
0.014798,-0.0010449,0.0074622
0.0147337,-0.0024143,0.0077429
0.0154357,-0.0023204,0.0082724
0.0151939,-0.0013449,0.0073653
0.0151367,-0.0026031,0.0074878
0.0158714,-0.0022459,0.007449
0.0154469,-0.0020031,0.0083367
0.0143194,-0.0014163,0.0073378
0.0159918,-0.0023388,0.0077847
0.0147755,-0.0023776,0.0074316
0.0157388,-0.0019439,0.0085939
0.0155765,-0.0005357,0.0072306
0.0165041,-0.0015286,0.0071102
0.0166827,-0.0026214,0.0085602
0.0148449,-0.0024745,0.0069939
0.0129694,-0.0016776,0.0089724
0.0142612,-0.0028173,0.0084969
0.0127878,-0.0051816,0.0071357
0.0158673,-0.0035041,0.0085949
0.0143255,0.0021898,0.0076837
0.0136531,0.0035786,0.0094765
0.0186153,-0.0007571,0.0075265
0.0182102,-0.0042286,0.0062316
0.012,-0.0050939,0.006698
0.0109796,-0.0042929,0.0068
0.0133378,-0.0033867,0.007252
0.0163888,-0.0028051,0.0072827
0.0172684,-0.0014337,0.0071694
0.0155418,6.02e-05,0.0071816
0.0154469,0.0007551,0.0076622
0.0140388,0.0001173,0.0080653
0.0151041,-0.000949,0.0072153
0.0153143,-0.0032755,0.0072551
0.0131949,-0.0049418,0.0075276
0.0138469,-0.0007949,0.0079194
0.0154714,-0.0015459,0.0093143
0.0154276,-0.0013316,0.0059816
0.0156316,-0.0031827,0.0077612
0.0161908,-0.0035704,0.0072327
0.014851,-0.0025439,0.0075265
0.0148296,-0.0019837,0.0068031
0.0147439,-0.0026582,0.0074694
0.0160408,-0.0027959,0.0078949
0.0150133,-0.0023204,0.0078908
0.0159316,-0.0003735,0.0096878
0.0148265,-0.0011255,0.0082908
0.0152663,-0.0009143,0.0073735
0.0139735,-0.0025296,0.0080316
0.0149327,-0.002452,0.0071959
0.0131949,-0.0024582,0.0083612
0.0156051,-0.0016898,0.0081347
0.0158806,-0.0017194,0.0071194
0.0152276,-0.0022735,0.0056653
0.0165796,-0.0037347,0.0085245
0.0145031,-0.0013582,0.0080735
0.0150133,-0.0014622,0.0083224
0.0146765,-0.0024367,0.0067378
0.0153316,-0.0019031,0.0081408
0.0159673,-0.0019173,0.0072388
0.0154592,-0.0016041,0.0073592
0.0152398,-0.0018143,0.0075673
0.0150122,-0.0010847,0.0084867
0.0142806,-0.0016939,0.0087898
0.015201,-0.0023908,0.0057837
0.0141765,-0.0021337,0.0090092
0.0148357,-0.0030265,0.0083153
0.0149459,-0.0045918,0.007251
0.0161878,-0.0023276,0.006298
0.013948,0.0015163,0.0085888
0.0173959,0.0018082,0.0062031
0.019798,-0.0026112,0.0093888
0.0156061,-0.0050908,0.006848
0.0107582,-0.0043296,0.00705
0.0120357,-0.0026908,0.0078582
0.0142786,-0.0032143,0.0073806
0.0166408,-0.0024286,0.0077602
0.0155184,-0.0009837,0.0070122
0.0155531,-0.0007194,0.0078245
0.0150663,0.0004112,0.0076786
0.0154439,-0.0002245,0.0067959
0.0147194,-0.0018061,0.0062847
0.0149745,-0.0045745,0.0063765
0.0128031,-0.0030388,0.0065347
0.0139571,-0.0009541,0.0096918
0.0159653,-0.0001255,0.0068316
0.0161694,-0.0011184,0.0060786
0.0156092,-0.0051459,0.0065837
0.0151408,-0.0036949,0.0065367
0.0112816,-0.0009388,0.0067122
0.0128827,-0.0008082,0.0066102
0.0142388,-0.0029745,0.0069163
0.0154061,-0.0015888,0.0069276
0.0153857,-5.71e-05,0.0071796
0.0142633,-0.0016031,0.0057929
0.0139724,-0.0012643,0.0070398
0.014502,-0.0025653,0.0073592
0.0141184,-0.0031,0.0064173
0.0129561,-0.0021337,0.0060755
0.0146755,-0.0020296,0.0074929
0.0140408,-0.0005918,0.0075214
0.0161459,-0.0025735,0.0074592
0.0155735,-0.0024827,0.0074806
0.0136888,-0.0020714,0.0078949
0.0127235,-0.0012265,0.0068929
0.0124888,-0.0011776,0.0061959
0.0143633,-0.0022337,0.0084122
0.0152061,-0.0024531,0.0071806
0.0136724,-0.0025204,0.0076592
0.0144204,-0.0018592,0.0083092
0.0131898,-0.0011143,0.0063265
0.0153112,-0.002351,0.0081
0.0147367,-0.0023561,0.0062214
0.0148357,-0.0022837,0.0077214
0.0138673,-0.0012347,0.0076867
0.0141643,-0.000748,0.0092776
0.0149122,-0.0016806,0.0082796
0.0148214,-0.00495,0.0051112
0.0141388,-0.0042071,0.0088194
0.0144214,0.001799,0.0067918
0.012948,0.0040735,0.0088531
0.0150551,0.0009765,0.0079276
0.0193388,-0.004148,0.0072847
0.0147571,-0.006149,0.0066051
0.0100755,-0.0063296,0.0077806
0.0126847,-0.0035388,0.0081786
0.0155031,-0.0019469,0.0080827
0.016601,-0.0016714,0.0070071
0.0151235,-0.0008571,0.0071041
0.0152571,9.29e-05,0.0061367
0.0151714,0.0005622,0.0091163
0.0143908,0.0010398,0.0077929
0.0148765,-0.0036143,0.0064673
0.0138051,-0.0049112,0.005751
0.0121633,-0.0006194,0.0078367
0.0125765,-0.0004459,0.0098102
0.0152908,-0.0017908,0.0075867
0.0161378,-0.0016888,0.0062153
0.014248,-0.0015592,0.0084878
0.0145,-0.0015541,0.0070592
0.0139255,-0.0031408,0.0070327
0.0136153,-0.0040806,0.0067296
0.014548,-0.004349,0.0082643
0.0148102,-0.0024531,0.0078204
0.016101,-0.0008173,0.0079929
0.0151724,-0.0011061,0.0083765
0.0146796,-0.0018816,0.0061694
0.0153184,-0.0019602,0.00795
0.0139939,-0.0011459,0.0052122
0.0135061,-0.0018173,0.0078541
0.0145153,-0.0020327,0.0100612
0.0159112,-0.0023551,0.0069755
0.0162031,-0.0032959,0.0072765
0.0158806,-0.0026153,0.0074786
0.0149143,-0.0013806,0.007001
0.0133398,-0.0018541,0.0083378
0.0139776,-0.0012388,0.0069714
0.0134643,-0.0009439,0.0070898
0.015651,-0.0013071,0.0069469
0.0152,-0.0017633,0.0066357
0.0150735,-0.0021469,0.0066959
0.0148347,-0.0015673,0.006348
0.0155276,-0.0029286,0.0062714
0.0141735,-0.0027724,0.0076173
0.0137898,-0.0021592,0.0061714
0.0138439,-0.0012327,0.0067143
0.0146714,-0.0033898,0.0071286
0.0145378,-0.0036949,0.0072888
0.0141908,-0.0009224,0.0070694
0.0129459,0.0021469,0.0060449
0.0162796,0.001701,0.0071847
0.018952,-0.0032173,0.0078837
0.0147184,-0.0067224,0.0049163
0.009302,-0.0041796,0.0067316
0.0112082,-0.0029276,0.0073663
0.0142592,-0.0027245,0.0066449
0.0145735,-0.0019908,0.0074949
0.0132235,-0.0014837,0.0069051
0.0140204,-0.0001684,0.0084194
0.0145398,0.0007306,0.0059214
0.014849,0.0003224,0.0082398
0.0161041,-0.001252,0.0078398
0.0155449,-0.0027878,0.0063745
0.0134194,-0.0036643,0.0087173
0.0121245,-0.0017367,0.0064939
0.013352,-0.0011306,0.0073827
0.014252,-0.0010153,0.0081898
0.0154847,-0.002649,0.0083051
0.0155143,-0.0023459,0.0085469
0.0130082,-0.0030949,0.0069255
0.0145929,-0.0021265,0.0065735
0.0161684,-0.0022153,0.0080214
0.0155633,-0.0017204,0.0080827
0.0152255,-0.0017133,0.0076929
0.0141959,-0.000699,0.0071204
0.0141367,-0.0014194,0.007152
0.0148459,-0.0017847,0.0079306
0.0132653,-0.0018357,0.0071061
0.0141408,-0.0016316,0.0084418
0.0141112,-0.0021122,0.0084122
0.0139306,-0.0018255,0.0074857
0.0158592,-0.0015551,0.0081704
0.0144204,-0.0028643,0.006302
0.014648,-0.0033653,0.0083041
0.0144469,-0.0015071,0.0062633
0.0143367,-0.001998,0.0076286
0.0146939,-0.0012061,0.0087827
0.0141704,-0.00185,0.0080286
0.01405,-0.0027041,0.0074163
0.0144714,-0.0017673,0.0084622
0.0154531,-0.0024959,0.0060878
0.015301,-0.0023184,0.0085469
0.0157082,-0.002451,0.0077857
0.0153541,-0.0014622,0.0083959
0.0138765,-0.0025908,0.0069837
0.0160184,-0.0014551,0.0069031
0.0155235,-0.0018949,0.0081163
0.0150541,-0.0016531,0.0085816
0.0143806,-0.0018,0.0085122
0.0147745,-0.0019122,0.0065724
0.0148276,-0.0014735,0.0083388
0.0130878,-0.0029071,0.0088735
0.0158235,-0.0054112,0.0067122
0.0147867,-0.0019031,0.0068378
0.0137031,0.0028541,0.0072347
0.0162561,0.0023673,0.0067296
0.0191061,-0.0037735,0.0089255
0.0146694,-0.006398,0.0055286
0.0111224,-0.0049224,0.0079622
0.0127806,-0.0029276,0.0081173
0.015552,-0.0019061,0.0067449
0.0149592,-0.0024276,0.0080684
0.0160531,-0.0005806,0.0063694
0.0145714,0.0006888,0.005602
0.0131173,0.0014051,0.0072051
0.0133602,0.0004388,0.0069173
0.014498,-0.0025735,0.0067969
0.0154888,-0.0056898,0.0057296
0.0139112,-0.0039969,0.0076327
0.0131316,0.0008786,0.0069612
0.0162694,-0.0012888,0.0056082
0.0159939,-0.0027837,0.0063908
0.0161878,-0.0021296,0.0060449
0.0145,-0.0029541,0.0057408
0.0125378,-0.0027745,0.006902
0.0132224,-0.0016878,0.0076429
0.0141133,-0.0024735,0.008201
0.0142031,-0.0023908,0.0078918
0.0135194,-0.0006918,0.0064418
0.0145837,0.0002378,0.0065694
0.0134102,-0.0011337,0.0082306
0.0149582,-0.0022929,0.0062327
0.0145918,-0.0025296,0.0060224
0.0140459,-0.0017643,0.0076827
0.0140959,-0.0017031,0.005802
0.0132714,-0.0026602,0.0074755
0.0138092,-0.0019755,0.0074684
0.0148643,-0.0011418,0.0060347
0.0146694,-0.0028694,0.0078102
0.0145765,-0.0022327,0.0059969
0.0141122,-0.0019245,0.0063367
0.0135367,-0.0017898,0.0069582
0.013801,-0.0011255,0.0081378
0.013651,-0.0020092,0.0063276
0.0139112,-0.0016612,0.0068439
0.0142694,-0.0015122,0.0065163
0.0130663,-0.0016143,0.0071367
0.0143224,-0.0021071,0.0074827
0.0134765,-0.0020122,0.0056163
0.0118949,-0.0019367,0.0063541
0.0132898,-0.0021704,0.0067194
0.0143776,-0.0015867,0.0067724
0.0150418,-0.0021959,0.0078867
0.0149265,-0.0009235,0.0070633
0.0140163,-0.0002929,0.0085847
0.0132163,-0.0024398,0.0051755
0.015749,-0.0046633,0.0073571
0.0153643,-0.002249,0.0067184
0.013952,0.0013694,0.0094969
0.0145224,0.001351,0.0105194
0.0134459,-0.0028347,0.0082653
0.0138306,-0.0040765,0.0059786
0.0091418,-0.0026776,0.005452
0.0082469,-0.0032133,0.0086194
0.0145551,-0.0032378,0.0118908
0.0199102,-0.0047388,0.0089469
0.014652,-0.0049969,0.0065663
0.0092673,0.0009051,0.0042204
0.0098367,0.0042806,0.0054592
0.0118367,0.0010755,0.0072122
0.0208071,-0.0017459,0.00755
0.0223276,-0.0024602,0.0039714
0.0170878,-0.0044286,0.0072786
0.0122806,-0.0024184,0.0067408
0.0141949,-0.0022969,0.0093449
0.0161724,-0.0039622,0.0084286
0.0149347,-0.0037031,0.0082418
0.0116918,-0.0033153,0.0079214
0.0117959,0.0010255,0.0084847
0.0107622,0.0006265,0.0092173
0.0117898,-0.0005857,0.0077878
0.0145163,-0.0043776,0.0084735
0.015352,-0.0035071,0.0085194
0.0155908,-0.0007663,0.0072337
0.0169653,-0.0007653,0.0064939
0.0167765,-0.0040949,0.0061582
0.0161959,-0.0035898,0.0063398
0.0171459,-0.0031837,0.0056898
0.0161561,-0.0024102,0.0079663
0.0138888,-0.001599,0.0084143
0.0135714,-0.000501,0.0084714
0.0142071,-0.0007673,0.010052
0.0163469,-0.0027765,0.0074694
0.0155571,-0.0015153,0.0081735
0.0127571,-0.0011408,0.0088173
0.014251,-0.0025153,0.009651
0.0173735,-0.0030429,0.0077673
0.0157908,-0.0027265,0.0052969
0.0138776,-0.0009694,0.0081776
0.0143867,-0.0023918,0.0105745
0.017402,-0.0038112,0.006452
0.01565,-0.0011714,0.0068306
0.0145286,0.000799,0.0072449
0.0129561,-0.0023357,0.009202
0.0148122,-0.0042194,0.0067102
0.0167541,-0.0005051,0.0083449
0.0137612,-0.0008316,0.0076082
0.0133163,-0.0044918,0.0069776
0.013951,-0.003099,0.0065898
0.0138663,0.0003755,0.0091153
0.0138755,0.0040541,0.0101796
0.0181112,-0.0010908,0.0089684
0.0152898,-0.0060684,0.0067592
0.0118582,-0.0051449,0.0075388
0.0140418,-0.0030133,0.00735
0.0160622,-0.0031,0.007899
0.0176112,-0.0038204,0.0051235
0.0169878,-0.0018898,0.0053694
0.0169776,0.0003888,0.0069398
0.0182867,0.0013337,0.0076276
0.0173173,0.0014592,0.007101
0.0144347,-0.0024031,0.0070888
0.0124918,-0.0038061,0.0088918
0.01045,-0.0043143,0.0074378
0.0113806,-0.0021888,0.0096286
0.0141959,0.0002949,0.0084918
0.0160776,-0.0005765,0.0079724
0.0147082,-0.001752,0.0060714
0.0151673,-0.003098,0.0051898
0.0144786,-0.0026867,0.0057469
0.0161388,-0.0026408,0.0060867
0.0173816,-0.0026602,0.0063684
0.0184918,-0.0030092,0.0082214
0.0171633,-0.0023296,0.0069092
0.0138551,-0.00015,0.0080531
0.0140969,-0.0013082,0.0070561
0.0138633,-0.0032582,0.0083969
0.0140337,-0.0019888,0.009749
0.0153704,-0.0017418,0.0064714
0.0143429,-0.0023316,0.0075306
0.0149235,-0.0015612,0.0071245
0.0166857,-0.0024786,0.0073643
0.018349,-0.0024255,0.0067847
0.0175408,-0.0026449,0.007148
0.0144929,-0.003251,0.0066939
0.0117112,-0.0012163,0.0081296
0.0128286,-5.41e-05,0.0075041
0.0172306,-0.0023571,0.0062224
0.0162531,-0.003151,0.0075612
0.0127337,-0.0008031,0.0069735
0.0118102,-0.0005663,0.0085122
0.012502,-0.0024582,0.0079133
0.0136714,-0.0018276,0.0086918
0.0111378,-0.0026633,0.0066786
0.011152,-0.0016745,0.0087306
0.011052,0.0010408,0.0066429
0.0135051,0.0007796,0.0065857
0.0170653,0.0016847,0.0063776
0.0196745,-0.0027408,0.0042582
0.0140857,-0.0044571,0.0051204
0.0078898,-0.0020867,0.007249
0.0115439,-0.003752,0.0069418
0.0195908,-0.0111286,0.0072571
0.020501,-0.0055429,0.0060449
0.0159347,0.0008888,0.006052
0.0129571,0.0021592,0.0058
0.0145531,0.0018663,0.0087459
0.0177051,-0.002602,0.0095694
0.0163827,-0.0068837,0.0069949
0.0120602,-0.0034949,0.00655
0.0075051,0.0014653,0.0086357
0.0117296,0.0040092,0.0072041
0.018002,-0.0019704,0.0084908
0.0172796,-0.0048653,0.0077551
0.0142408,-0.0038051,0.0087
0.0134765,-0.0012806,0.0072255
0.0131898,-0.0013694,0.0066224
0.0134847,-0.0037163,0.0068541
0.0141347,-0.0035133,0.0055561
0.0150867,-0.0013714,0.0071082
0.0181643,-0.0010265,0.00955
0.0186816,-0.0033133,0.0069531
0.0161388,-0.0023694,0.0056898
0.0118204,-0.0008714,0.0086888
0.0128929,-0.0025827,0.0092704
0.0148163,-0.0027,0.009352
0.0132102,-0.0008276,0.0067755
0.0123633,-3.88e-05,0.0081398
0.0117408,0.0003418,0.0086704
0.0141541,-0.0006306,0.0101031
0.0153684,-0.0024541,0.008951
0.0150531,-0.0036571,0.0062939
0.014949,-0.0036102,0.0061337
0.0161061,-0.0021776,0.0046153
0.0145459,-0.0009571,0.0053959
0.0156745,-0.0017684,0.0068204
0.018501,-0.0042378,0.0105653
0.0170837,-0.0044429,0.0081408
0.0148633,-0.0012929,0.0079388
0.0129724,0.0002541,0.0077327
0.013448,0.0004265,0.0080133
0.0132673,0.0004653,0.0068347
0.0173133,-0.0023561,0.0102469
0.0132918,-0.0052918,0.0067245
0.0121276,-0.0034255,0.0075378
0.0156888,-0.0036929,0.0090092
0.0159276,-0.0022276,0.0096408
0.0160918,-0.0021102,0.0066551
0.0156633,-0.0022429,0.008252
0.0160969,-0.0006133,0.0067857
0.0156816,-0.0001398,0.0076337
0.0161122,-0.0007306,0.0074643
0.0153531,-0.0016949,0.0076969
0.0161408,-0.0034102,0.0074367
0.0153939,-0.0041173,0.0079276
0.0143735,-0.0019908,0.0075235
0.0142051,-0.0018908,0.0084898
0.0141388,-0.0009112,0.0085776
0.0161031,-0.0020092,0.0063439
0.0157194,-0.0022306,0.0082878
0.0142337,-0.0017827,0.0068061
0.0140153,-0.0023724,0.0081745
0.0156316,-0.003049,0.0092643
0.0151541,-0.0031265,0.0074684
0.0158969,-0.0016602,0.0086306
0.0152602,-0.0005684,0.0077551
0.0170531,-0.0018949,0.0075592
0.0174867,-0.0029214,0.0072827
0.0150398,-0.0022235,0.0065612
0.0147194,-0.0017,0.0082357
0.0147245,-0.0010102,0.0089867
0.0155541,-0.0028122,0.0086816
0.0158459,-0.0031694,0.0072949
0.0154408,-0.0007306,0.0081888
0.013549,-0.0001163,0.0075235
0.0122643,-0.0004418,0.0084367
0.0138714,-0.0014541,0.008452
0.0158929,-0.002449,0.0073694
0.0164408,-0.0030959,0.0075765
0.0163143,-0.002099,0.0079582
0.0151908,-0.0029429,0.0082
0.0172663,-0.0042776,0.006799
0.0161582,-0.0025857,0.00655
0.0160786,-0.0020724,0.0073245
0.0149459,-0.0015449,0.0075469
0.0164061,-0.0019582,0.0079306
0.0160418,-0.0025592,0.0080194
0.0147286,-0.0012571,0.0067786
0.0112724,-0.0007612,0.0086653
0.0111092,-0.0005622,0.0110888
0.0112857,-0.0023602,0.0106673
0.0131633,-0.0036582,0.0084929
0.0185694,-0.0024908,0.0069673
0.0181847,0.0005949,0.0074755
0.017648,0.0019653,0.0055969
0.0206143,-0.0021153,0.0066153
0.0198908,-0.0075327,0.0058143
0.0140643,-0.0087694,0.0065469
0.0145265,-0.0043663,0.0066745
0.0165765,-0.0025602,0.0085163
0.0177724,-0.0012163,0.0075337
0.0159776,-0.0012551,0.0082133
0.0151551,-0.0003878,0.0083663
0.0128827,0.0010827,0.0099796
0.0127643,0.0010939,0.0085286
0.0117153,0.0010306,0.0092622
0.0132551,4.69e-05,0.0092694
0.0142418,-0.003352,0.0092602
0.0144796,-0.0047602,0.0072694
0.0175061,-0.0037153,0.0076449
0.0170061,-0.0030888,0.0044806
0.0170306,-0.0025204,0.0054663
0.0170582,-0.0036633,0.0052959
0.0171245,-0.0035939,0.006849
0.0171143,-0.0018439,0.0072929
0.0158673,-0.0029031,0.0074786
0.0150786,-0.0020469,0.0079092
0.01535,-0.0005551,0.0077143
0.0137653,0.0007714,0.008548
0.0149133,-0.0010602,0.0082122
0.0129194,-0.0025153,0.0079571
0.0148306,-0.0008163,0.0076306
0.0132031,-0.0005612,0.0068245
0.0149847,-0.0024204,0.008099
0.0138571,-0.0022633,0.0076122
0.0145041,-0.0027173,0.0080847
0.0155031,-0.0032337,0.0057337
0.0159439,-0.0036327,0.0056112
0.0167173,-0.0023071,0.0072265
0.016951,-0.0016439,0.0070367
0.0154153,-0.0011367,0.0065684
0.0142071,-0.0006612,0.0071388
0.0150469,-5.61e-05,0.0079969
0.0141673,-0.0014541,0.0076265
0.0160959,-0.0029735,0.0089235
0.0151031,-0.0035837,0.0077582
0.0133673,-0.0033735,0.0083571
0.0136449,-0.0017663,0.0079296
0.0128939,0.0002316,0.006699
0.0139122,-0.0024337,0.0076378
0.0134878,-0.0046316,0.0086959
0.0164898,-0.0014102,0.0084286
0.0147867,0.0014551,0.0071531
0.0143694,0.0033286,0.0074531
0.0177949,-0.0013684,0.0070469
0.0193388,-0.0064806,0.0074133
0.0131347,-0.0068337,0.0060704
0.0122918,-0.0054653,0.0074082
0.0146184,-0.0043724,0.0068673
0.0167163,-0.0021908,0.0090908
0.0176408,-0.0004418,0.0079082
0.0151408,0.0008653,0.0082102
0.014201,0.0015888,0.0075102
0.01475,0.0015194,0.0097153
0.0123224,-0.0008847,0.0078449
0.0131214,-0.0051041,0.0079582
0.0128418,-0.0047306,0.0077449
0.0130673,-0.0027612,0.0078194
0.0157684,-0.0026378,0.0078224
0.0165408,-0.0025408,0.0068847
0.0173724,-0.0016061,0.0065265
0.0176235,-0.0014857,0.0067184
0.0152469,-0.0010867,0.0071429
0.0156724,-0.0015592,0.0074602
0.0151418,-0.0016112,0.0076694
0.0166602,-0.0031316,0.0093755
0.0141827,-0.0036653,0.008549
0.0138969,-0.0018776,0.0079582
0.0143622,-0.0018561,0.007401
0.0156041,-0.0014286,0.0080939
0.0161041,-0.0010398,0.0079112
0.0150051,-0.0014071,0.0077786
0.0145694,-0.0014878,0.0066112
0.015249,-0.002298,0.0065347
0.0151837,-0.0020031,0.0090276
0.0151398,-0.0014847,0.0082092
0.0157602,-0.0020531,0.0067796
0.0164265,-0.0022327,0.0077051
0.0154776,-0.002249,0.0080653
0.0148286,-0.0026398,0.0075
0.0146469,-0.0016724,0.0073602
0.0151561,-0.0016286,0.0090184
0.0159541,-0.0016184,0.0074398
0.0144214,-0.0027255,0.008198
0.0145112,-0.0028592,0.0078755
0.0160102,-0.0026469,0.0072867
0.0143765,-0.0013031,0.0080673
0.014849,-0.0016684,0.0081357
0.0144643,-0.0016673,0.0076347
0.015398,-0.0022776,0.0072255
0.0154765,-0.0023143,0.0074245
0.016298,-0.0021143,0.0082459
0.0135357,-0.0014041,0.007201
0.0138122,-0.0027388,0.0077051
0.015598,-0.0023398,0.0084633
0.0142582,-0.0032153,0.0081439
0.0175041,-0.0041663,0.0072806
0.0150847,-0.0013347,0.0081133
0.0135316,0.0024286,0.0074082
0.0177684,0.001199,0.0084296
0.0198357,-0.0029469,0.0084316
0.0132939,-0.0062051,0.006852
0.0112143,-0.0037684,0.0080602
0.0135837,-0.0031969,0.0075102
0.0152071,-0.0029071,0.007798
0.0157847,-0.0005827,0.007898
0.0154653,-0.0007418,0.0078949
0.0156959,-0.0004316,0.0083214
0.0163388,0.0004643,0.006151
0.0161663,0.0001408,0.0060224
0.0146551,-0.0022337,0.0077082
0.0168163,-0.0056684,0.0083449
0.0141133,-0.0053327,0.0066429
0.0138714,-0.0015561,0.0081
0.0163796,0.0006194,0.0072347
0.016048,-0.0014398,0.0077306
0.0159898,-0.0031173,0.0074837
0.0149173,-0.0031245,0.0068857
0.0133449,-0.0014673,0.0089286
0.0137163,-0.0007918,0.0090724
0.0154898,-0.0017847,0.007248
0.0163102,-0.0037582,0.0078245
0.0158245,-0.0028531,0.0078847
0.0152571,-0.0006255,0.0068929
0.0165633,-0.0010316,0.0084051
0.0151235,-0.0019857,0.0072102
0.0161459,-0.0038,0.0074357
0.0153929,-0.0023327,0.0077367
0.0144439,-0.0019949,0.0071714
0.0145367,-0.0018724,0.009448
0.0159061,-0.0009112,0.0070194
0.0150929,-0.0017459,0.0071684
0.0153673,-0.0030459,0.0073173
0.0144806,-0.0023449,0.00825
0.0136561,-0.0007398,0.0070541
0.0150673,-0.0019276,0.0096153
0.0156429,-0.0025082,0.0076204
0.0155663,-0.0018724,0.0066061
0.0151061,-0.0022776,0.0084255
0.0154949,-0.0016122,0.0062296
0.0146541,-0.0016378,0.007398
0.0145092,-0.001548,0.0088
0.0149959,-0.0015531,0.0081245
0.0156194,-0.0028735,0.0072173
0.0161276,-0.0026541,0.0069327
0.0147622,-0.0021388,0.0080194
0.0154316,-0.001648,0.008302
0.0155102,-0.0015612,0.0081663
0.0152561,-0.0020888,0.0079745
0.0151939,-0.0048847,0.005951
0.0153,-0.0031296,0.0082755
0.0155337,0.00115,0.0087408
0.0139949,0.0044327,0.0089347
0.0179592,0.0015724,0.0079816
0.0193459,-0.0065816,0.0073194
0.0132571,-0.0066653,0.0055735
0.0109255,-0.0048673,0.0087224
0.0138561,-0.0039949,0.0074459
0.0161929,-0.0034684,0.0076888
0.0174684,-0.0010235,0.0060153
0.0155133,0.0010143,0.0080837
0.0150184,0.0010143,0.0090867
0.0158112,0.0009939,0.0079071
0.0145367,0.0001306,0.0081306
0.0150449,-0.0036184,0.0074735
0.0150633,-0.0063612,0.0072102
0.0125276,-0.0028398,0.0077286
0.0142408,-7.45e-05,0.008852
0.016948,-0.0013367,0.0082816
0.0173051,-0.0030061,0.006051
0.0154173,-0.0022449,0.0068286
0.014649,-0.0018418,0.0067245
0.0140418,-0.0009143,0.0075745
0.0148857,-0.0032194,0.0091214
0.0159602,-0.0033745,0.0072827
0.0162622,-0.0022684,0.0087398
0.0155816,-0.0016061,0.0073082
0.0153276,-0.0028357,0.0076143
0.0135265,-0.0016133,0.0066969
0.0149194,-0.0017071,0.0080612
0.0141612,-0.0016949,0.0072082
0.0141173,-0.0006429,0.0075418
0.0145378,-0.0010857,0.0089918
0.0150163,-0.0013622,0.0070908
0.0155449,-0.0024857,0.0074102
0.0149306,-0.0026592,0.00725
0.0145663,-0.0016347,0.0073643
0.0140439,-0.0025133,0.0071735
0.0156347,-0.002551,0.0078184
0.0149051,-0.0020959,0.0081561
0.0157602,-0.0019112,0.0063296
0.0166031,-0.0019347,0.0076204
0.0164857,-0.0019388,0.0076265
0.0151418,-0.0021041,0.0079367
0.0143184,-0.0021112,0.0077929
0.014549,-0.0012755,0.0068663
0.0151143,-0.0022643,0.0086704
0.0144357,-0.0033357,0.0083276
0.0152367,-0.0039612,0.008052
0.0165612,-0.0013286,0.0081684
0.0144388,0.0019837,0.0066908
0.0169031,1.43e-05,0.0083041
0.0200112,-0.0033459,0.0073153
0.0143143,-0.0047184,0.0071276
0.0122704,-0.0035255,0.0086265
0.0134622,-0.0026918,0.007749
0.0151378,-0.0025735,0.0077378
0.0155816,-0.0016796,0.0079337
0.0151173,-0.0013133,0.0071071
0.0156582,-0.000848,0.0087806
0.0148776,-0.0008255,0.007949
0.014449,-0.0001296,0.0071418
0.0154806,-0.0027439,0.0075449
0.0156051,-0.0041969,0.007199
0.0154663,-0.0031878,0.0069949
0.0143786,-0.0019173,0.0091204
0.0155612,-0.0014398,0.0075316
0.0165102,-0.0013378,0.0053439
0.0167245,-0.0029265,0.007048
0.0158612,-0.0015102,0.0090949
0.0144092,-0.0019092,0.0078776
0.0137888,-0.0018224,0.006751
0.0144204,-0.0029041,0.0083878
0.0149388,-0.0019092,0.0081755
0.0153582,-0.001799,0.0072031
0.0160755,-0.0007571,0.0078653
0.0144724,-0.0011867,0.0082735
0.015749,-0.0025163,0.0068796
0.0143031,-0.0031959,0.0075827
0.0153163,-0.0015755,0.0063908
0.0151714,-0.002198,0.0078469
0.0149755,-0.002401,0.0085133
0.014999,-0.0027969,0.0067398
0.0152316,-0.0023745,0.0082653
0.015001,-0.0013827,0.0077949
0.0151296,-0.0014163,0.0075153
0.0145939,-0.0015459,0.0067571
0.0146173,-0.0017469,0.0078276
0.0146327,-0.0018735,0.0085153
0.0144418,-0.0017622,0.0076337
0.015302,-0.0023735,0.0076306
0.0149429,-0.002952,0.0069357
0.0165531,-0.0014429,0.0087622
0.0152755,-0.0019561,0.0070776
0.0161888,-0.0028643,0.0071082
0.0153153,-0.001398,0.0069878
0.0147714,-0.0018031,0.0083449
0.0154041,-0.0024357,0.0068643
0.0160439,-0.0025541,0.0077082
0.0147051,-0.0018735,0.0079296
0.0149786,-0.0016051,0.0070847
0.0137082,-0.0019173,0.0083337
0.0158316,-0.0009245,0.009098
0.0141133,-0.002801,0.0085786
0.0153806,-0.0050806,0.0070327
0.0153673,-0.001499,0.0079367
0.0137673,0.002951,0.0074786
0.0154878,0.0036592,0.0078082
0.0199082,-0.0024224,0.0080571
0.0164276,-0.0071255,0.0063551
0.0117929,-0.0068143,0.0072224
0.0118724,-0.0030071,0.0062969
0.0150388,-0.0022541,0.0072643
0.0173602,-0.0021765,0.0072704
0.0158704,-0.0016031,0.0064469
0.0149786,-0.0012949,0.0065092
0.0157133,0.000702,0.0078357
0.0128102,0.0021959,0.0072694
0.0147602,-0.0018929,0.0065633
0.0155276,-0.0047357,0.0071551
0.013899,-0.0048908,0.0070296
0.011401,-0.0011337,0.0070776
0.0144122,-0.0003633,0.0078051
0.0160939,-0.0006816,0.0067571
0.016249,-0.0010806,0.0063143
0.0143031,-0.0023694,0.0055561
0.0147327,-0.0036061,0.0080276
0.0134449,-0.0037439,0.0061837
0.0155051,-0.0032663,0.0067092
0.0144235,-0.0024092,0.0083857
0.0140878,-0.0020418,0.0077684
0.0147316,0.0002316,0.0083867
0.0167224,0.0004765,0.0072327
0.0150643,-0.0015755,0.0081204
0.0150357,-0.0018163,0.0070429
0.0137367,-0.0022633,0.0084439
0.0128286,-0.0014041,0.0087061
0.0140888,-0.0024806,0.0072418
0.013651,-0.0031388,0.0084265
0.0151082,-0.0027541,0.0076153
0.0153684,-0.0028531,0.0071286
0.0149061,-0.0018337,0.0073449
0.0153867,-0.0016071,0.0057561
0.0147745,-0.0017388,0.0074622
0.0148878,-0.0018245,0.0063643
0.0150888,-0.0005122,0.0070061
0.0144357,-0.0003296,0.0084592
0.0155296,-0.0021898,0.0075316
0.0151571,-0.0034806,0.0094469
0.0156561,-0.0033918,0.0080694
0.0151469,-0.0033347,0.0081724
0.0126429,-0.000749,0.0079816
0.0137969,-0.0010704,0.0087806
0.0141133,-0.0046673,0.0058041
0.0144286,-0.0029929,0.0072276
0.0148653,0.0007388,0.0076276
0.01405,0.0031469,0.00755
0.0172918,0.00345,0.0082867
0.0208378,-0.0044306,0.0068286
0.014951,-0.0068531,0.005798
0.0095102,-0.0041918,0.0064194
0.0105143,-0.0033663,0.0084429
0.0149755,-0.0033173,0.0087918
0.0179857,-0.0023071,0.007799
0.0167571,-0.0019673,0.0082633
0.0150102,-0.0001918,0.0089347
0.0157265,0.002701,0.0072714
0.0136408,0.0021255,0.0070184
0.0134847,-0.0023296,0.0089367
0.0164378,-0.0062969,0.008599
0.0134847,-0.0042663,0.0080939
0.0129286,-0.0007265,0.0075143
0.0143429,-0.001799,0.0075327
0.016349,-0.0029061,0.0070837
0.0179571,-0.0010429,0.0070316
0.0171643,-0.0014776,0.0068704
0.0153224,-0.0032214,0.0072459
0.0157663,-0.0015908,0.0070898
0.0147847,-0.0013612,0.0098786
0.0159122,-0.0038867,0.0092255
0.0156592,-0.0028776,0.0080929
0.0147796,-0.002448,0.0077102
0.0132867,-0.0011827,0.0085949
0.0135347,-0.0013153,0.0084347
0.0146051,-0.0013949,0.0087959
0.015151,-0.0016714,0.0076602
0.0150837,-0.0016031,0.0073643
0.0153908,-0.001951,0.00895
0.0175663,-0.0033265,0.0077612
0.0167929,-0.0027082,0.0070184
0.0170347,-0.0029765,0.0068857
0.0163561,-0.0029245,0.0074357
0.0159561,-0.0028184,0.0063684
0.0152245,-0.0010806,0.0081173
0.0143724,-0.0007133,0.0086133
0.0155,-0.0006357,0.0085357
0.0136429,-0.0017857,0.0087255
0.0153806,-0.0011908,0.0082102
0.013948,-0.0011847,0.008398
0.0139663,-0.0026133,0.0076724
0.0154347,-0.0032918,0.0072714
0.0160224,-0.0030531,0.006148
0.0161663,-0.0030969,0.0087643
0.0164173,-0.0020357,0.0079459
0.0177653,-0.0023786,0.0074296
0.0176255,-0.0039551,0.0075816
0.0197296,-0.0031286,0.0057806
0.0150408,0.0003173,0.0069888
0.0137633,0.0023949,0.0099643
0.0182694,-0.0002531,0.0099449
0.0160153,-0.0044673,0.0076418
0.0113857,-0.0037469,0.0102102
0.0112367,-0.0023673,0.0087378
0.0133735,-0.0025714,0.0099684
0.0151051,-0.0012755,0.0089786
0.0164255,-0.0016745,0.0063704
0.0166908,-0.0026786,0.0071122
0.0155092,-0.0014714,0.0066235
0.016502,-0.0008929,0.0065041
0.01755,-0.0011551,0.0076224
0.0178398,-0.0016306,0.0060571
0.0154776,-0.0045367,0.0088418
0.01425,-0.0035276,0.0074898
0.0142673,-0.0012398,0.0079194
0.0155388,-0.0006153,0.0091153
0.0173102,-0.0008663,0.0061969
0.015701,-0.0029571,0.00915
0.0157918,-0.0032704,0.0087939
0.013852,-0.0029633,0.0082276
0.0135765,-0.0027184,0.0078092
0.0160378,-0.0027735,0.0079102
0.0160643,-0.0025908,0.0081316
0.0152184,-0.0017031,0.0075163
0.0153908,-0.0003918,0.0072306
0.0139449,-0.0011143,0.0062684
0.0169745,-0.0020633,0.0086051
0.0166469,-0.002648,0.0070184
0.0149143,-0.0022959,0.0086224
0.0158673,-0.0024959,0.0093
0.0163265,-0.0022939,0.0055439
0.0157398,-0.0027582,0.0090031
0.0161612,-0.0026898,0.0074714
0.0146398,-0.0011,0.0073969
0.0146,-0.0005184,0.0093327
0.0133765,-0.0018796,0.0070163
0.0156112,-0.001152,0.0081112
0.01515,-0.0022612,0.0087214
0.0158367,-0.0022378,0.0087663
0.015001,-0.0014531,0.0076214
0.0152786,-0.0022755,0.0074969
0.0155439,-0.0030918,0.0069929
0.0169357,-0.0036541,0.0070663
0.0155122,-0.0021061,0.0068031
0.0154673,-0.0005847,0.00885
0.0156551,-0.0017602,0.0083082
0.0164041,-0.0023092,0.0085745
0.0155949,-0.0017745,0.0082602
0.0156602,-0.0021786,0.0069898
0.0156224,-0.0019316,0.0085969
0.0161102,-0.00305,0.0069214
0.015498,-0.0020429,0.0066306
0.0141357,-0.0017582,0.0103602
0.0146724,-0.0008082,0.0083306
0.0152316,-0.0030122,0.0086214
0.0152133,-0.0040827,0.0069163
0.0148429,-0.0017408,0.008201
0.0151265,0.0010398,0.0086816
0.0132367,0.0028878,0.0062643
0.0195398,6.33e-05,0.0073939
0.0190306,-0.0068684,0.009101
0.0136286,-0.0073122,0.0057908
0.0118276,-0.003001,0.0065255
0.0145918,-0.0033316,0.0079622
0.0177429,-0.0023816,0.0073245
0.0159286,-0.0009694,0.0081449
0.0158041,-0.0004153,0.0069224
0.0154,0.0007265,0.0085316
0.0142133,0.0017439,0.0097959
0.0143102,-0.0010204,0.0066449
0.0155867,-0.0047265,0.0070541
0.0155735,-0.0050867,0.0078184
0.0128204,-0.0018245,0.0084633
0.0132173,-0.0009296,0.0080704
0.0180449,-0.0019857,0.0067367
0.0176,-0.0031,0.0070898
0.0153469,-0.000898,0.0090041
0.0141571,-0.0010194,0.0075061
0.0153878,-0.0035531,0.0077571
0.0159735,-0.0040653,0.006548
0.0154041,-0.0039827,0.0079296
0.0143959,-0.001399,0.0092439
0.0153776,-0.0007306,0.0081122
0.0164,-0.0012245,0.0078929
0.017301,-0.0022918,0.0077531
0.0154816,-0.0023806,0.0066316
0.0147612,-0.0012908,0.0080735
0.0142337,-0.0022806,0.0074163
0.0155102,-0.0031673,0.0086969
0.0155112,-0.0023653,0.0077041
0.0160561,-0.0013806,0.0079092
0.0162337,-0.0014786,0.0090816
0.0149265,-0.0018327,0.0077622
0.0150663,-0.0024388,0.00675
0.0147224,-0.0008867,0.0072653
0.0152143,-0.000501,0.0076816
0.0151765,-0.0021347,0.0079337
0.0144102,-0.0036327,0.007448
0.0154378,-0.0025102,0.007502
0.015152,-0.0009531,0.008201
0.0150204,-0.0017306,0.0085653
0.0135673,-0.002198,0.0085041
0.0153245,-0.00295,0.0062276
0.0159592,-0.0029755,0.0059408
0.0163867,-0.001399,0.0073133
0.0156643,0.0019551,0.00755
0.0191918,-0.0006245,0.0078398
0.0195653,-0.0046469,0.0068602
0.0141969,-0.0066184,0.0070857
0.0131439,-0.0022255,0.0066612
0.0132051,-0.0026898,0.0087255
0.0158582,-0.004199,0.0086286
0.0169041,-0.0017827,0.0066816
0.0144837,0.0002571,0.0072418
0.0148684,0.0013367,0.0075408
0.0144602,0.0003102,0.0083724
0.0142765,-0.0008418,0.0080714
0.0146184,-0.0025388,0.0065235
0.0145796,-0.0037714,0.0066235
0.0140837,-0.0031888,0.0071357
0.0148306,-0.0028663,0.0080643
0.0156969,-0.0019694,0.0081878
0.0166888,-0.0005357,0.0063918
0.0161959,-0.0015408,0.0061867
0.0158378,-0.0029837,0.008198
0.0135378,-0.0025541,0.0064337
0.0145469,-0.0015337,0.0076827
0.0145255,-0.0024031,0.0083347
0.0157459,-0.0034755,0.007199
0.015398,-0.0013827,0.0076429
0.0149673,-0.0009541,0.0083602
0.0147337,-0.0022939,0.0069367
0.0151245,-0.0024867,0.0073265
0.0145704,-0.0010306,0.00675
0.0149204,-0.0018837,0.0087408
0.0142235,-0.0015949,0.0069571
0.01435,-0.0026776,0.0074031
0.015248,-0.0024827,0.007952
0.0140663,-0.0012061,0.0062173
0.0165337,-0.0025429,0.0088592
0.0144643,-0.0017153,0.0068194
0.0149969,-0.0023541,0.0067531
0.0146418,-0.0010347,0.0070704
0.0142704,-0.0021796,0.007751
0.0146694,-0.0022531,0.007802
0.0147939,-0.0019235,0.0079388
0.0148112,-0.0014888,0.0075092
0.0149724,-0.0029439,0.0086316
0.0149776,-0.0022959,0.0059571
0.014852,-0.0023347,0.0084153
0.0160245,-0.0016112,0.0070673
0.014898,-0.0010949,0.0075378
0.0147184,-0.0007602,0.0090776
0.0133224,-0.0024776,0.0079633
0.0147306,-0.0056908,0.0066214
0.015049,-0.003801,0.0071878
0.0144449,0.0006776,0.0068878
0.0130735,0.0032184,0.00765
0.0192031,0.000351,0.0081408
0.0189898,-0.0043265,0.0070449
0.0136582,-0.0066816,0.0063898
0.012049,-0.0041,0.0074408
0.0133173,-0.0024643,0.0075786
0.0156306,-0.002901,0.0086745
0.0163439,-0.0007,0.0063531
0.0138408,0.0002612,0.0093337
0.0165316,-0.0002612,0.0069367
0.0167827,-1.94e-05,0.0076673
0.0155214,0.0001031,0.0079459
0.012499,-0.0031541,0.0049786
0.0130408,-0.0062541,0.0072184
0.0124673,-0.0026286,0.0077316
0.0122765,9.18e-05,0.0092918
0.0155653,-0.0015602,0.0087469
0.0159531,0.0001653,0.0067837
0.0158622,-0.0025204,0.0070296
0.0168082,-0.0036092,0.0055551
0.0162561,-0.0035082,0.0061173
0.0143255,-0.0024286,0.0068469
0.0139245,-0.0022888,0.0072418
0.0147541,-0.0024245,0.0082378
0.0145245,-0.0012184,0.0088265
0.0155541,-0.0011398,0.0075673
0.0141551,-0.0008378,0.007699
0.0148857,-0.0006694,0.007999
0.0140786,-0.0014561,0.0077071
0.0144398,-0.0020439,0.0063714
0.0155847,-0.0030888,0.0082724
0.0143622,-0.0025082,0.0066255
0.0154041,-0.0028847,0.0074888
0.0147704,-0.0015653,0.0090898
0.0156704,-0.0016071,0.0075265
0.0159776,-0.0021204,0.0067776
0.0143082,-0.0010898,0.0075459
0.0147673,-0.0019918,0.0078531
0.013698,-0.0024357,0.0054663
0.0141827,-0.001448,0.0080459
0.0153051,-0.0018847,0.0082878
0.0158082,-0.0020082,0.0077837
0.0134673,-0.0016031,0.0076918
0.01305,-0.0015163,0.008498
0.0134673,-0.0028939,0.0073541
0.0149653,-0.0051276,0.0066061
0.0167878,-0.002451,0.0064582
0.015001,0.0011092,0.0073
0.0132429,0.004398,0.0078786
0.0175816,5.61e-05,0.0076245
0.019302,-0.0065143,0.0077776
0.0137378,-0.005798,0.0056816
0.0110755,-0.0054469,0.0079888
0.0139918,-0.005202,0.0073939
0.0156653,-0.0031306,0.0076531
0.0175765,-0.0003051,0.0067592
0.0161857,0.0007337,0.0067296
0.014748,-6.43e-05,0.0064122
0.0135102,-1.53e-05,0.0085582
0.0146235,3.16e-05,0.0072265
0.0152367,-0.0016704,0.0087816
0.0153378,-0.0049714,0.0084827
0.0113408,-0.0021765,0.0081367
0.0109449,-0.0008776,0.0085235
0.0129918,-0.0032439,0.0080378
0.0153163,-0.0032102,0.0065153
0.0149694,-0.0015306,0.0055551
0.0158582,1.43e-05,0.0071857
0.0164388,-0.0013704,0.0092571
0.0136061,-0.0043347,0.0069745
0.0108643,-0.005099,0.005702
0.0104827,-0.001351,0.0048857
0.012498,-0.0011286,0.0027908
0.016852,-0.0097592,0.0043031
0.0178735,-0.0163888,0.0056837
0.0146694,-0.0144469,0.0049255
0.0104786,-0.0083347,0.0095173
0.0041531,-0.0021316,0.010449
-0.0033418,-0.0009316,0.0108602
-0.0126827,-9.49e-05,0.0245929
-0.0065367,0.0199786,0.0190296
0.0306622,0.025701,0.0163776
0.0565122,0.0441929,0.0314827
-0.0118459,-0.0044684,0.0053429
-0.0159082,-0.0184276,0.0019939
0.0034765,-0.0029143,-0.0296347
0.018002,0.0129286,-0.0535408
0.0162939,-0.0007357,-0.0142643
0.1004429,-0.0087551,-0.0051163
0.0322122,0.0041153,0.0167918
0.0228643,-0.0208949,0.0361969
0.0479418,-0.0076531,-0.0189459
0.105399,0.0082235,0.0014041
0.075999,0.0193724,0.0485265
-0.046898,0.009149,-0.0128286
-0.2242184,-0.0273684,-0.0520449
-0.0799245,-0.0903357,0.045099
0.114702,-0.0232408,-0.0693735
0.1037929,0.025448,-0.221398
0.3498337,-0.2827633,-0.3318582
0.0728592,-0.1239898,0.4650765
-0.1164857,0.2082173,0.2650194
-0.2200643,0.3101276,-0.0092449
0.0212745,0.0432276,-0.0293684
0.0790776,-0.1947133,-0.1058857
-0.0044245,-0.1216112,-0.055898
0.1050378,0.0115816,0.0306367
0.1942816,-0.053852,0.0203173
-0.2923082,0.0232031,0.0438816
-0.2306582,0.0667929,0.1061337
-0.0448929,0.0542724,0.0112633
0.0050316,0.0262469,-0.0509235
0.1932582,-0.0833959,0.0014939
0.1391745,-0.0841235,-0.0121735
0.1271847,-0.0081888,-0.0524459
0.2534827,0.0185184,0.0505827
0.3950949,0.0611704,0.1408684
0.1865633,0.0780102,-0.134299
-0.2185031,-0.0270143,-0.1283214
0.0127929,-0.193602,0.1515612
0.1127122,-0.5385398,-0.284598
-0.030501,-0.0989561,0.3205786
-0.3753214,0.2977367,0.1163194
-0.3850827,0.258298,-0.3368704
-0.3606714,0.0892582,-0.1981173
-0.2674296,0.1250643,0.0776347
-0.1104429,0.2379561,0.2567796
0.0081235,0.2766122,0.3073327
0.3378714,0.2331102,0.1582398
-0.4611449,0.0577418,-0.2141622
-0.1327673,-0.2361082,-0.1585306
0.3249224,-0.384002,-0.1035949
0.083098,-0.14505,0.0093459
-0.1377337,0.1064112,-0.0825112
0.1358449,-0.0040867,-0.0470378
0.3061551,-0.1104316,0.0612357
0.322451,0.0481235,0.0930255
0.2449592,0.0642051,0.2168735
0.2831061,-0.0452071,0.0166306
0.2471429,0.1688418,-0.0502133
-0.0737296,0.3252929,-0.044151
-0.2729796,0.0678296,-0.0940694
-0.1341673,-0.060252,0.0042755
-0.0048653,-0.1310847,0.1866704
0.2194561,-0.241198,0.4934245
0.0349847,-0.0902153,0.1623959
0.0057112,0.1143735,-0.12945
-0.0098888,0.1841786,-0.088601
0.1090612,0.20725,-0.0273408
0.0858837,0.1150592,0.0449316
0.0583929,-0.1782837,0.2536102
0.2223051,-0.3445724,0.4153704
-0.032698,-0.3959367,0.5314163
0.0800765,-0.3379418,0.2515224
-0.0155694,-0.3486602,0.2188122
0.0767694,-0.2728531,-0.1353347
-0.0338857,-0.3319776,-0.2698296
0.0947806,-0.1994878,-0.0314796
0.0715286,-0.1638337,-0.0643398
0.0688,-0.1971327,-0.0157827
0.0137796,-0.1797347,0.0901857
0.1051561,0.0011459,-0.471899
-0.4227806,0.0329816,1.3551204
-0.2113357,-0.0268459,0.2102469
0.1989133,-0.2965714,0.072749
0.0601541,-0.0103194,-0.1362531
0.1264082,0.1196204,-0.2243765
0.1661051,0.2263551,-0.1560969
0.1177327,0.4716276,0.0590735
0.1534684,0.7493388,0.1877398
0.1954235,0.8271122,0.1323337
0.2564184,0.7388643,-0.0792867
0.3646469,0.6090959,-0.1582306
0.3203888,0.5013214,-0.1244051
0.2067949,0.3332337,-0.1751714
0.1019276,0.0821765,-0.2929969
0.0273867,-0.1525102,-0.2871622
-0.1028969,-0.3968827,-0.2816296
-0.353799,-0.5997531,-0.2032102
-0.3175929,-0.8437204,-0.2553776
-0.2839663,-0.9339184,-0.4215551
-0.4023153,-0.7856418,-0.3324082
-0.4266153,-0.5802173,-0.2237224
-0.3893531,-0.3869143,-0.2338755
-0.2984673,-0.3044071,-0.2533051
-0.2358184,-0.2065847,-0.2395429
-0.240399,-0.091601,-0.1540786
-0.2113622,-0.0463888,-0.099998
0.4909388,0.2526255,0.0923796
0.2590061,0.5421143,0.3415602
0.1464694,0.0251878,-0.0984816
-0.1192551,-0.1231388,-0.0662837
-0.3558898,0.067798,0.2556327
-0.1705898,0.0935776,0.0199276
0.0897714,0.1820286,0.0828051
0.0551816,-0.0762051,0.0871582
-0.1812959,0.0970388,-0.0378878
-0.0467378,0.1536204,0.0293163
-0.048752,0.1268357,-0.0342061
-0.3877459,0.1249102,0.0793296
-0.1087112,0.3058735,0.1455694
0.2392051,0.1260429,0.2312857
0.0821531,-0.088648,0.3143561
-0.0328571,-0.033499,0.0028102
0.0638214,0.007299,-0.0691214
0.1125918,-0.0107,-0.3279643
0.2850204,-0.102952,-0.0780133
0.2503796,-0.1340755,0.1173153
0.3371918,-0.1698714,0.3378061
0.1351418,-0.1025949,0.2303939
-0.0235337,-0.0757153,-0.0211929
0.078648,-0.0457847,-0.080901
-0.054348,-0.0163398,0.1261959
-0.1342286,0.0237959,0.1808582
-0.1657235,0.0280418,0.2147337
-0.0898602,0.0118867,0.1826684
-0.0444959,0.0045786,0.1091878
-0.0524551,0.0242602,-0.0118786
-0.0204418,-0.0009214,-0.0949378
-0.0095459,0.0309612,-0.0449939
-0.0137643,0.0513724,-0.0003102
0.0054827,0.0174898,-0.0433122
0.0106653,-0.0074786,-0.0388724
0.010102,-0.0002724,0.005201
0.0273296,-0.0051918,0.0388776
0.0380357,-0.0367286,0.0165408
0.0518224,-0.0527939,-0.015852
-0.0490878,0.0116214,-0.2105643
-0.0746204,0.0062316,0.0904245
0.0426541,-0.0616265,0.3053071
0.0207071,-0.0113061,0.1912031
-0.0230714,0.0169541,-0.1385041
