accx,accy,accz
0.0015847,0.0309714,0.0288
0.0184551,0.0530806,0.0166531
0.0222245,0.0481224,-0.0040071
0.0999143,-0.0660612,0.0025847
0.0214612,0.0016847,-0.0084796
-0.0874857,0.1195347,-0.0024265
-0.2274929,0.1718163,0.0642878
-0.071998,0.0310643,0.1143122
0.0558031,-0.0194214,0.0603265
0.0153459,0.0008194,-0.0313071
0.0038786,-0.031448,-0.1079122
0.0729551,-0.0548235,-0.1699663
0.06915,-0.120498,-0.0992582
0.2466857,-0.3103908,0.201302
0.225102,-0.1627153,0.1551959
-0.0610745,0.0773541,0.1867663
-0.065599,0.0796816,0.0331949
-0.0411224,0.0243929,-0.1274765
0.1167296,-0.0663704,-0.1070214
0.0098184,0.0237847,-0.1265796
-0.144948,0.1904796,0.1158153
0.145102,-0.0356704,0.2630796
0.1427857,-0.0995276,0.1825816
-0.0358622,8.78e-05,0.0297235
-0.037402,-0.0425857,-0.1109847
0.0278143,-0.0761173,-0.3275786
0.1362878,-0.126201,-0.5493082
0.2932367,-0.1429571,-0.7566092
-0.347799,-0.1837786,-0.3506306
-0.3627969,-0.2518143,-0.293198
0.2280235,-0.2344694,0.0319367
0.5225398,-0.1439184,0.0921306
0.5117918,-0.0845816,-0.3352714
0.0956224,-0.1715561,-0.1368173
-0.0884296,-0.1015582,0.0141265
-0.1357857,-0.1441469,0.2403031
-0.2914265,-0.1368214,0.264402
-0.3955776,-0.1006888,0.125151
-0.4471296,-0.091948,0.0330031
-0.4046908,-0.101301,0.0811816
-0.3133959,-0.0903276,0.1789306
-0.35095,-0.0683092,0.3029827
-0.3744031,-0.0306857,0.1984327
-0.1604316,-0.0282776,-0.03695
0.0142551,-0.0082592,0.0043735
0.0442735,-0.008749,0.1870429
-0.0115082,-0.0131847,0.3322847
0.0593847,0.0150143,0.3131296
0.206449,0.0259643,0.2824327
0.3679949,0.0506959,0.416851
0.5450194,0.0412163,0.4345153
0.5785163,0.0875673,0.1408949
0.6156663,0.0758837,-0.1759918
0.6200092,0.0839398,-0.1046418
0.7323776,0.0799398,0.239449
0.7319704,0.1029786,0.3346163
0.5733214,0.1377684,0.0918929
0.3247337,0.1675112,0.0071745
0.0843724,0.1413265,0.0515663
-0.0300765,0.0947031,0.0104724
-0.0313337,0.0655684,-0.147499
0.0280704,0.0407867,-0.3081827
0.0503071,0.0381122,-0.3343837
0.0917122,0.038398,-0.1910153
0.0167316,0.066148,-0.1460347
-0.0533827,0.0729469,0.0255194
-0.0362255,0.0910633,0.2043949
0.0898398,0.0659031,0.0282429
0.1260255,0.0727969,-0.5828316
0.0668398,0.0640898,-0.5490286
0.1711347,-0.0347684,-0.0837265
0.1948276,0.0634041,-0.3797643
0.0358673,0.0862163,-0.1639102
-0.237702,0.0372163,0.4512776
-0.3951939,0.0582918,0.513398
-0.5134724,0.0133929,0.1916194
-0.5521898,-0.2185969,-0.0622163
-0.5714816,-0.3284367,-0.4896806
-0.3579653,-0.4379306,-0.6754418
-0.382652,-0.3164173,-0.4209378
-0.0109245,-0.3547173,-0.2592347
0.3566765,-0.3680796,-0.0423459
0.0600388,-0.2473214,0.2795837
0.330251,-0.4010724,0.2565112
0.0728092,-0.0526092,0.0887347
-0.2182378,-0.1754092,-0.1656286
-0.1401469,-0.0515857,0.2844796
0.0636622,-0.0079408,0.674302
0.2782602,0.0858582,0.2461541
0.3830551,0.126948,-0.3445949
0.0483786,-0.0539122,-0.5215367
-0.2047051,-0.0756633,-0.201702
-0.1825429,-0.0671408,0.136551
0.1095,-0.0325388,0.2645633
0.3601214,-0.1198949,0.183648
0.5921388,-0.4232918,0.0555724
0.4940816,-0.2939571,-0.0774776
0.4361092,-0.1895112,-0.338702
-0.10685,0.1960357,0.0140122
-0.2849429,0.3635316,0.3870969
-0.1892082,0.1562673,0.2732316
-0.248401,0.2450337,0.1218898
-0.3087082,0.2476378,0.0243133
-0.2587755,0.3154214,0.0835051
-0.2587449,0.40375,0.14915
-0.3864551,0.4725031,0.1835337
-0.33775,0.5011082,0.1490704
-0.1489857,0.5951041,0.125248
-0.0905122,0.6072204,0.0498735
-0.0025592,0.4295592,-0.0756765
0.2530949,-0.1661163,-0.1027806
0.556398,-1.5342888,-0.0956235
0.4738857,-2.471851,-0.1930418
-0.2132694,-1.13845,-0.2341847
-0.1061245,-0.2873735,0.0858745
0.0075837,0.3015255,0.1534092
0.0729653,0.4931541,0.1247255
0.0777112,0.4239337,0.0832633
0.0778714,0.163402,0.0404633
0.106902,-0.0283102,0.0101755
0.132549,-0.0943745,-0.0065755
0.0128031,-0.1246602,-0.0401092
-0.0360214,-0.1141796,-0.1066612
-0.0540969,-0.0709173,-0.1203745
0.0013173,-0.0265122,-0.1638878
0.1149908,-0.0392184,-0.1680378
0.0923214,0.0101929,-0.0016714
-0.0364,0.0448643,0.077901
-0.0525286,0.0268561,0.1101204
-0.0345837,0.0190633,0.115802
-0.0030418,0.0138898,0.0940531
0.036949,0.0091837,0.0453112
0.0481806,0.0155296,-0.0191
0.0548367,0.0077153,-0.0555051
0.0389857,0.0018214,-0.0660276
-0.0036939,0.0020867,-0.0624796
-0.0307286,0.015148,-0.0225102
-0.0142612,0.0238541,0.0368878
-0.0004827,0.0250214,0.0780122
0.0030041,0.0091286,0.0863684
-0.0068878,-0.0153296,0.0807765
-0.0279439,-0.0503918,0.071
-0.0472898,-0.0719194,0.0626235
-0.0476347,-0.0419959,0.0529816
-0.0349622,0.0149796,0.0403531
-0.0293367,0.0316133,0.0273051
-0.0348061,0.0020776,0.0121408
-0.0657867,-0.0243051,-0.0114663
-0.0727112,-0.0186337,-0.0450347
-0.016849,0.0029888,-0.0816235
0.0497949,0.0312643,-0.1376245
0.0830143,0.0627276,-0.1506398
0.0539316,0.0832643,-0.0184255
-0.0111551,0.0779316,0.1428684
-0.0877388,0.0676337,0.1918929
-0.1359459,0.0442041,0.1851796
-0.098652,-0.0079031,0.1366837
0.0103265,-0.0459959,-0.0836214
0.1029429,-0.0530724,-0.222901
0.1566051,-0.0425786,-0.2490194
0.1192969,0.0127224,-0.1024316
-0.0014347,0.1032173,0.0474388
-0.0772143,0.1676306,-0.1292245
-0.0275255,0.1522,-0.2182612
0.0614857,0.086601,0.0250633
0.1738337,0.0125653,0.0116286
0.1991939,-0.0181367,-0.0333939
0.0048888,0.0409367,0.0847163
-0.1646582,0.0797602,-0.0269378
-0.1687918,0.0594184,-0.0361837
-0.0653724,0.0478224,0.1543143
-0.0543276,0.0084265,0.0071163
0.0248143,-0.0689888,0.0974184
0.0696929,-0.0509051,0.0425969
0.032102,0.0100551,0.0766867
0.002251,0.0255327,-0.0440643
-0.0989878,0.0094408,-0.0519051
-0.0933194,-0.0602214,-0.0727622
-0.0908949,-0.0784347,0.0017408
-0.0908571,-0.0401724,0.0009847
-0.1007592,0.0026796,-0.0532684
0.0011286,0.0084786,-0.048
0.0169255,0.0235949,-0.0031959
0.0050673,0.0357918,0.0172337
0.0332469,0.0179867,-0.0122663
0.0612918,0.0171398,-0.0141296
0.0455684,0.0121694,0.0247469
0.0502347,-0.0392653,0.0415347
-0.0200255,-0.066002,0.0218439
-0.0610357,-0.0465347,0.0107184
-0.0253786,-0.0300878,0.014548
1.73e-05,-0.0239245,0.0198
-0.0099327,-0.0387745,-0.0269633
-0.0649541,-0.0206704,0.0353908
-0.0766143,0.0826286,0.0080388
-0.0198561,0.1320367,-0.1206327
0.0703878,0.0922031,-0.1670061
0.1390459,0.1320602,-0.1900571
0.1994837,0.2006071,-0.185499
0.1988194,0.2224908,-0.0479316
0.1454265,0.2801102,0.1226204
0.0309459,0.3441031,0.1733571
-0.0507969,0.2970112,0.1247316
-0.0093643,0.1951214,0.1770704
0.1810092,0.0868255,0.1888735
0.146152,0.0568612,0.0769684
0.0413827,-0.100699,-0.0414714
0.051551,-0.2362327,-0.1375153
0.1663122,-0.3030163,-0.1185673
0.1884724,-0.2578173,-0.1561378
0.0678653,-0.1124918,-0.1327724
-0.0247133,-0.0669143,-0.1404245
-0.0840214,-0.1613684,-0.1261143
-0.1250633,-0.214251,-0.0619235
-0.0838714,-0.1461939,-0.0397551
-0.0126888,-0.075202,-4.18e-05
0.0081286,-0.0433143,0.0080469
0.0181806,-0.0065633,0.0040908
0.0184071,0.0264643,-0.0081918
-0.0111031,0.0224459,-0.0335704
-0.0609204,-0.0010878,-0.0108939
-0.0849898,-0.0178031,0.0235561
-0.0531694,-0.059052,0.010199
-0.0340194,-0.0321867,0.013252
-0.0279337,0.0230694,0.0048347
-0.0453929,0.0361531,0.0127694
-0.017501,0.0064459,-0.0466153
0.0871857,-0.0362112,-0.1206286
0.1699755,-0.0705153,0.020499
0.1738276,-0.0120276,0.1621276
0.187648,-0.0108561,0.0595949
0.0762224,-0.0172439,0.0107949
-0.0192051,-0.0091806,-0.0256316
-0.0884469,-0.0294051,0.0220398
-0.1823316,-0.0176888,0.0239663
-0.213202,-0.0150653,-0.0314163
-0.2180449,-0.0232245,-0.0077551
-0.1724541,-0.0238582,0.021698
0.0219031,-0.006151,-0.0166133
0.4188888,-0.1369704,-0.2995776
0.2583255,-0.1574286,0.1724122
-0.0583469,0.0354592,-0.0020082
-0.1115918,0.0635571,0.0445061
-0.0924633,0.0504122,0.0186398
0.0405204,-0.0566316,-0.0265949
0.0871735,-0.0697878,-0.0086745
0.0314143,-0.0340796,-0.0078163
-0.0130827,-0.0056653,0.0009622
-0.0050673,-0.0112337,-0.0175969
0.0021204,-0.0193653,-0.008451
-0.0152337,-0.0087316,-0.0020541
-0.0419143,0.008949,-0.0025816
-0.0423408,0.0154765,-0.01345
-0.0347194,0.0142633,-0.0087245
-0.032351,0.0155194,0.0085418
-0.0174306,0.013001,0.0227867
-0.0196449,0.0033296,0.0253704
-0.0235235,0.0082,0.0083531
0.0784163,-0.0258745,-0.0691765
0.0964694,-0.0495847,-0.0040439
0.0083714,-0.0026939,0.0279969
-0.0170643,0.0014092,-0.0092408
-0.0240745,0.0055827,-0.0010531
-0.0154929,0.0055449,0.0049745
0.0012051,0.0025184,0.0029765
0.003952,0.0018949,-0.0004235
-0.0063051,0.0104908,0.0044194
-0.008852,0.0150398,0.0085827
-0.004302,0.0104837,0.0139184
0.0075296,0.0021153,0.0130388
0.0156082,-0.001748,0.0111255
0.0153337,-0.0013908,0.0076959
0.0088122,-0.0011286,0.0031357
0.0017327,0.0015643,0.0016449
-0.0040571,0.0021153,0.0008724
-0.0016133,6.73e-05,-0.0020724
0.0041429,-0.0026163,-0.0041704
0.0040235,-0.0012347,-0.0031184
-0.001398,-0.0008684,-0.0012918
-0.0038582,-0.0018592,-0.0013429
0.000551,-0.0004071,-0.0053184
0.0026286,-0.0009204,-0.0048653
-0.0007449,-0.0002378,-0.0028776
-0.0023316,-0.0002286,-0.0014898
-0.0050041,0.0002694,-0.0004592
-0.0003551,-3.27e-05,-0.0018694
0.0046714,-0.0021255,-0.0009612
0.0032245,-0.0025143,-0.0015531
0.0018918,-0.0009704,-0.0016408
0.0027643,-0.0006806,-0.0010673
-0.0011898,-0.0015347,-0.0027459
-0.0078714,-0.0019439,-0.0041959
-0.0157327,0.0014092,-0.0056592
-0.0230204,0.0116939,-0.0068653
-0.0285939,0.0152235,-0.0093827
-0.0449418,0.016298,-0.0083469
-0.0493622,0.0190194,0.0017551
-0.0256061,0.0115561,0.0126592
0.0094653,-0.0100367,0.0214265
0.0439755,-0.0270592,0.0228143
0.0667112,-0.0429571,0.012601
0.0792082,-0.0881776,0.0019224
0.012552,-0.0515122,-0.0101378
-0.0328806,0.0453378,-0.0166571
-0.0324694,0.0807102,0.0029102
0.0178469,0.0193214,0.0083214
0.0402265,-0.0130898,-0.0055031
0.0205194,-4.49e-05,0.0033592
-0.0045653,0.0072673,-0.0014582
-0.0084888,0.0001408,-0.0086612
-0.0019633,-0.0104745,-0.0033857
0.0061061,-0.0136551,0.0041408
0.0163082,-0.0122888,0.0063622
0.0201898,-0.0098031,0.0064
0.0098714,-0.008851,0.0041092
-0.001401,-0.0067622,-0.0025153
-0.0039163,0.0014184,-0.0114337
-0.0017939,0.0181337,-0.0118908
-0.001401,0.0267653,-0.0049735
0.0028378,0.0194092,-0.0026816
0.0098867,0.0044745,0.0042816
0.0166378,-0.0006837,0.004101
0.0189153,0.0030867,0.0096806
0.015051,0.0091531,0.0072082
0.0028531,0.0045133,0.0003684
-0.0059459,-0.0076694,-0.0092092
-0.0005582,-0.0088469,-0.0122286
-0.0053255,0.0012276,-0.012399
-0.0274633,0.0144388,-0.0140184
-0.0260082,0.0033214,0.0010847
-0.0177235,-0.0219133,-0.0033408
-0.0124939,-0.0261531,-0.0079245
-0.0086602,-0.0192255,0.0056071
0.0018541,-0.0226969,-0.0062765
0.00715,-0.020702,-0.0174337
0.0081755,-0.0099316,-0.0119102
0.0024714,0.0017122,-0.0032163
-0.0070255,0.0052214,-0.0001776
-0.0064194,0.0035633,-0.0013694
0.0056602,0.0022204,0.0045796
0.0101122,0.004151,0.0061969
0.0096061,0.0059449,0.0103684
0.0029194,0.0129194,0.0126173
-0.001102,0.0125184,0.0099367
-0.0029561,0.0206194,0.0083041
0.004902,0.0139143,0.0087388
0.0101378,0.0032673,0.0123184
0.0149724,-0.0049214,0.0086888
0.0119612,-0.0013878,0.0005806
0.0078031,0.0038459,-0.0047143
0.0067194,0.0034408,-0.0069143
0.0039847,0.0075133,-0.0015378
0.0033459,0.0060888,0.0011531
-0.0001245,0.0040153,0.0093214
-0.0011122,-0.0036245,0.0050816
0.0011255,-0.0074796,0.0026112
0.0073378,-0.007102,0.0022541
0.0105388,-0.0072663,0.0037653
0.0074173,-0.0083276,-0.0020173
-0.0009418,-0.0073204,-0.0067724
-0.0072173,-0.0029347,-0.0071051
-0.0065929,-0.0033143,-0.0104102
-0.0055571,-0.0079694,-0.0093122
-0.0040459,-0.0071388,-0.0091398
-0.0046082,-0.0064929,-0.0076969
-0.0016347,-0.003651,-0.0089827
-0.0007418,-0.0006,-0.0094286
-0.0034102,0.0020286,-0.0059918
-0.0039459,0.000102,-0.0049469
-0.0013194,-0.003601,-0.0058296
-0.0003561,-0.0018133,-0.0044724
-0.0022102,0.0031643,-0.0007316
-0.0024684,0.0044551,0.0008633
0.0015306,0.0048255,0.002598
0.0056224,0.0044531,0.0035122
0.0062765,0.000898,0.0028122
0.0055,-0.0010541,0.0013541
0.0027102,0.0016204,0.0006357
-0.0018306,0.004248,-0.0002776
-0.0052347,0.0057388,0.0005735
-0.0034959,0.0024878,-0.0004153
-0.0040827,0.0020847,0.0016194
0.0034071,0.0029122,0.0007663
0.012499,0.0004602,0.001101
0.0056918,-0.0012173,0.0034663
-0.0012357,0.0004959,-9.49e-05
-0.0035194,-0.0022296,0.000248
-0.0067122,-0.0015561,0.0020847
-0.0060837,0.0025408,0.0015214
0.0010888,0.0039153,-0.0015622
0.0098969,-0.001751,-0.001351
0.0147745,-0.0068582,-0.0012551
0.0067449,-0.0021857,-0.0006092
0.0024,0.0028388,-0.0006551
-0.0006765,0.0024316,0.0026367
0.0001918,0.0016959,0.0043071
0.0013571,0.001202,0.0019969
0.0008663,0.00155,0.0010122
0.0007531,0.0013918,0.0031867
0.0033439,-0.0011061,0.0025847
0.0038112,0.0010092,0.0009469
0.0049908,0.0017918,0.001301
0.0039786,0.0010469,0.0010929
0.0027786,-0.0005622,-0.0008265
0.0014531,0.000399,-0.0015622
0.0008908,0.0003714,-0.003448
1.43e-05,-0.0007337,-0.0026663
0.0006929,-0.0017673,-0.0026847
6.94e-05,-0.0020602,-0.0032531
-0.0006245,-0.0004102,-0.0029939
-0.0003276,0.0005449,-0.0033276
0.0001398,0.0010541,-0.0016776
0.0001286,0.0009633,-0.001599
0.0005918,0.0005245,-0.000849
0.0025469,-0.0004429,-0.0001102
0.0029173,-0.0016653,0.001301
0.0029163,-0.002101,0.0007255
0.0025908,4.9e-05,-0.0012745
0.0010184,7.76e-05,-0.0013612
-0.0002378,0.0022286,-0.0015122
-6.94e-05,0.0010908,-0.002601
-6.73e-05,-0.0017612,-0.0008755
-0.002148,-0.0003684,-0.0013939
0.0012918,0.0010806,-0.0033163
0.0039449,-0.0012388,-0.0023306
0.0009418,-0.0011939,0.0008408
0.0013673,0.0005633,0.0007429
0.0041602,0.0017337,-1.73e-05
0.0024959,0.0008265,0.000551
-0.0007847,-0.00035,0.0019
0.0005235,0.0002551,-0.0012051
0.0012531,-0.0013469,-0.002502
0.0003602,-0.0003041,-0.0023969
0.0009561,0.0001133,-0.001152
0.0007051,0.0005041,0.0002888
0.0018643,0.0013163,0.0006163
0.0031,-0.000301,0.0012827
0.0011449,-0.0001418,0.0006918
0.0018561,0.0005429,-0.0002276
0.0024153,0.0001265,-0.0005031
0.0020184,0.0010224,-0.0011561
0.002001,0.0007806,-0.0006327
0.0020633,0.0001449,-0.0008204
0.0010633,-0.0005939,-0.0006643
0.000251,0.0002735,-0.0014
0.0002143,0.0003949,-0.0006888
-0.0013245,0.0004663,-0.0012959
-0.0001459,-4.69e-05,-0.0010316
0.0025184,-0.0007959,-0.0015704
0.0013531,-0.0011459,-0.0003908
0.0014571,-0.0008704,-5.1e-05
0.0026439,0.0012694,-0.0006622
0.0021735,0.0017531,-0.0002602
0.0010041,0.0006031,0.000348
0.0024245,0.0002071,0.0003939
0.0022143,-0.0008214,-0.0002082
0.0008694,0.0003347,-0.0002388
0.0016969,0.001252,-0.0007837
-0.000102,-0.0008337,0.0001357
-0.0021949,0.0002592,0.0002265
0.0026122,0.0022714,-0.002848
0.0055,-0.0001245,-0.0039296
0.0003153,-0.0026969,-0.0018612
-0.0017082,-0.0010908,-0.0015592
0.0018541,-0.0002337,-0.0017204
0.0030449,-0.0016806,-0.0011163
0.0004429,-0.0015398,0.0004112
-0.0011694,0.0007184,-0.0004949
-9.59e-05,0.001048,-0.0009724
0.0012459,0.0006888,-0.0003684
0.000949,-3.06e-05,0.0003071
-0.000352,-0.0005469,0.0001929
0.0013214,-0.00095,-0.000899
0.0026714,0.000249,-0.0023122
-0.0004173,0.0006112,-0.0021633
-0.0009245,0.0008449,-0.0020378
0.0028398,0.0016714,-0.0021735
0.0033592,0.0009918,-0.000498
-0.0017939,0.0006184,0.002851
-0.0039969,0.0028347,0.0050582
0.0029959,0.0048378,0.0016959
0.0100929,0.0022061,0.0009633
0.0057531,0.0022163,0.0034816
0.0020398,-0.0006816,0.0048765
0.0013235,-0.0002408,0.0014276
0.003048,-0.0019449,-0.0023776
0.0024796,-0.0024316,-0.0040643
0.0006245,-0.0030969,-0.0058194
-0.0028745,-0.0034602,-0.0064459
-0.0034939,-0.0032867,-0.0059561
-0.0006622,-0.0049684,-0.0042949
0.0004102,-0.0032541,-0.002352
-0.0008469,-0.0009449,-0.0007347
-0.0010092,0.0006888,-4.69e-05
-0.0002224,0.0020714,0.0002051
0.0021908,0.0030541,0.0018439
0.0040878,0.0032449,0.0014347
0.004502,0.0046439,0.001148
0.0047347,0.006401,0.0001235
0.0021939,0.0106735,0.0030888
0.0018888,0.0051388,0.0047857
0.0025194,-0.0022051,0.001749
0.0054541,0.0006765,0.0007418
0.0018633,-0.0035163,0.0016408
0.0003643,-0.0084959,0.0019898
0.0009786,-0.0052571,-0.0005296
0.0052469,0.0007704,-0.0061316
0.0024418,0.004351,-0.0068092
-0.0024582,0.0030786,-0.0044704
-0.0038571,0.0001541,-0.0033102
-0.0003306,-0.0026949,-0.0025684
0.0016327,-0.0045367,-0.0007316
-0.0009827,-0.0062398,0.0011735
-0.0010592,-0.0052806,-0.0003367
-0.0005704,-0.0032388,-0.0031071
0.0012418,-0.0016816,-0.0046092
-0.0007173,-2.14e-05,-0.0035
-0.0044286,0.0027857,-0.0042276
-0.0025031,0.0050367,-0.0026857
0.0001286,0.0046112,-0.0002276
0.0021898,0.0018051,0.0030061
0.0040469,0.0014153,0.0021439
0.0055398,0.0044929,0.0007112
0.0050214,0.0065959,0.0026255
2.24e-05,0.0057684,0.0053367
0.0019378,-0.0003327,0.0058276
0.00665,-0.0043153,0.0066582
0.0058061,-0.0009327,0.0039796
0.0025939,0.0035102,0.0010714
0.0026439,0.0013969,-0.0025735
0.001799,-0.000698,-0.0062388
-0.0020622,-0.0030714,-0.0076429
-0.0046908,-0.0050306,-0.0062378
-0.0034571,-0.0049745,-0.0050143
-0.0020306,-0.0032041,-0.0034204
-0.0005041,-0.0028224,-0.0022898
0.0011531,-0.0027429,-0.0005276
0.001498,-0.0029714,0.0011612
0.003398,-0.001449,0.0006306
0.0050878,0.0019235,0.0005082
0.0043224,0.0044776,0.0012561
0.0037051,0.0052306,0.0035959
0.0055622,0.0051378,0.0033071
0.002951,0.0040929,0.0047653
0.0030163,0.005101,0.0072643
0.0101918,0.0032459,0.0052367
0.0118939,-0.0011684,0.0045918
0.0042806,0.0002714,0.0027214
-0.0001765,0.0051378,-0.0023153
0.0031204,0.0037439,-0.0074
-0.0011786,0.0004306,-0.0087704
-0.0110378,0.0009776,-0.0104286
-0.0121745,-0.0017051,-0.0123918
-0.0071316,-0.0062745,-0.0105684
-0.0051092,-0.0071378,-0.0069286
-0.0038347,-0.0072418,-0.0028367
-0.0028367,-0.0079704,-0.0016316
-0.0011643,-0.0064969,-0.002399
-0.0007439,-0.002448,-0.0012561
-0.0022286,0.0013143,-0.0007286
-0.0006224,0.0030643,0.0006439
0.0020061,0.0044122,0.0019265
0.0024796,0.0076255,0.002349
0.0074459,0.0076418,0.0026643
0.0084214,0.0037255,0.0040327
0.0098031,0.0019082,0.0057031
0.0066816,-0.003201,0.0116388
-0.0009041,-0.0077224,0.0127204
0.0021602,-0.0090122,0.0102214
0.0092735,-0.0017571,-5.71e-05
0.0058908,0.005202,-0.008248
-0.0025143,0.009401,-0.0132
-0.0070673,0.0108867,-0.0100245
-0.0099163,0.0107031,-0.0080184
-0.0021561,0.0016816,-0.0015173
0.0022082,-0.0067592,0.0055122
0.0038551,-0.0101898,0.0063296
0.005702,-0.0118724,0.0022051
0.0035765,-0.0052408,-0.0009551
0.0034673,0.0010786,-0.0025541
0.0017031,0.0017327,-0.0021224
-0.0028265,0.0018173,-0.0028663
-0.0030592,0.0010857,-0.0031418
-0.0015857,-0.0010765,-0.0017031
-0.0005327,0.0015459,-0.0017388
0.0042296,0.005349,-0.0013531
0.0081255,0.0048633,-0.0001031
0.0049071,0.0037214,0.0036367
0.001298,0.0043296,0.0044622
0.003149,0.0049306,0.0049357
0.0027541,0.0055061,0.0045969
0.0002459,0.0040173,0.0028449
0.0008439,0.0018398,0.0005776
0.004848,-0.0026184,-0.0022173
0.005199,-0.0052235,-0.0009286
0.0033031,-0.0067663,-0.0030602
0.0028816,-0.0049837,-0.0063633
0.0059663,-0.0053378,-0.0050245
-0.0011306,-0.0092939,-0.0009173
-0.0110327,-0.0063408,-0.0037806
-0.005199,-0.0012878,-0.0071214
0.0016133,0.0013592,-0.0060816
0.0037143,0.0024888,-0.0019082
0.0033806,0.0031286,-0.000702
0.0002735,0.0059571,0.0002235
0.000501,0.0076684,0.0016408
0.0038561,0.0061531,0.0026571
0.0072184,0.0003714,0.0033051
0.0037908,-0.0040776,0.0015133
-0.000751,-0.0060745,-0.0012541
-0.0026378,-0.0059388,-0.0024602
-0.0008939,-0.003652,-0.0041939
-0.0011,0.0008061,-0.0042184
-0.0070714,0.0015786,-0.0025867
-0.0099796,0.0066612,-0.0010367
-0.0029276,0.0071357,-0.0007878
0.007502,0.0001908,0.0001418
0.0123184,-0.0050684,0.0004163
0.0130153,-0.0036622,-0.0013653
0.0062653,-0.0008714,-0.0021061
-0.0045163,-0.0009102,-0.000299
-0.007902,-0.0011663,-0.0005296
-0.0033908,0.0021888,-0.0029694
-0.0004531,-0.0016296,-0.0016592
0.0001765,-0.0052969,0.0014143
0.0025643,-0.0055857,0.0028255
0.0062888,0.0001071,0.0007949
0.0045755,0.0047765,0.0014602
1.94e-05,0.003652,0.0029306
-0.000999,0.0021357,0.0012582
0.0038776,0.0011969,-0.0007051
0.0044959,0.001998,-0.0012235
0.001449,0.0030286,0.0010878
-0.0005194,0.0032367,-0.0003357
-6.33e-05,0.0022755,6.33e-05
0.0012143,0.0004745,2.35e-05
-0.0006469,0.00135,0.0018704
-0.0010184,0.0013622,0.0010796
0.0012867,0.0040929,-0.0010837
0.0033714,-0.0001224,-0.0019133
0.0018204,-0.0041653,-0.0026939
0.0007276,-0.0063459,-0.0040633
0.0010153,-0.007248,-0.0055684
-0.0009163,-0.0069173,-0.0038286
-0.0025633,-0.0068398,-0.0023296
-0.0024561,-0.0033347,-0.0033582
-0.0016673,0.0032551,-0.0039745
-0.0017082,0.0053357,-0.0025796
-0.0033378,0.0036633,-0.001802
-0.0005959,0.0031673,-0.0019449
0.0024337,0.0048449,0.0014357
0.0018306,0.0057735,0.0064184
0.0037673,0.0022398,0.0101112
0.0095469,-0.0003388,0.0108469
0.0111184,0.0031316,0.0093449
0.0093316,0.0041806,0.0081653
0.0079061,0.0024551,0.0063786
0.0068684,0.0023173,0.000851
0.0080653,-0.0023245,-0.0033796
0.0033204,-0.0072878,-0.0061439
-0.0034755,-0.0079714,-0.0089551
-0.0061551,-0.0045531,-0.0110694
-0.0060653,-0.0030633,-0.0103959
-0.0081776,-0.0016735,-0.0078173
-0.0072786,-0.001601,-0.0055051
-0.0039418,7.35e-05,-0.0041735
-0.0014388,0.0002898,-0.0019418
0.0006418,0.0003245,0.0016378
0.0022429,0.0024643,0.0022724
0.0039867,0.0025388,0.0034908
0.0053541,0.0036735,0.0034878
0.0055357,0.0054643,0.0031959
0.0046673,0.0043265,0.0031204
0.002198,0.0040867,0.0017449
0.0022827,0.0054857,0.0014296
0.0027286,0.0031776,0.0032602
0.003199,0.0025071,0.0026806
0.0046133,0.0013816,0.0034337
0.0060806,0.0004347,0.0045347
0.0055051,0.0002612,0.0033327
0.0046082,-0.0016143,0.0020214
0.0038949,-0.0050337,-0.0005163
0.0011327,-0.00795,-0.0038418
-0.0024276,-0.0082102,-0.00845
-0.0039337,-0.0060816,-0.0111418
-0.0051898,-0.0055041,-0.0111245
-0.0057806,-0.0036867,-0.0102306
-0.0055602,-0.0014857,-0.0075724
-0.0042286,0.000151,-0.0050602
-0.0015265,0.0004939,-0.0010173
0.0003031,0.0027755,0.0027184
0.0036765,0.0038714,0.0046143
0.0048153,0.0018337,0.0060816
0.0039969,0.0044082,0.003401
0.0066347,0.0048592,0.0011878
0.0070173,0.0033163,0.00145
0.0033714,0.0018898,0.002751
0.0007888,0.0037153,0.0027827
0.005101,0.0053153,0.001902
0.0042531,0.0019806,0.002551
0.0003969,-0.0005755,0.0022745
-0.0009939,-0.0012316,-0.0008235
-0.0008367,-0.0021388,-0.0036276
-0.001498,-0.001452,-0.002098
-9.59e-05,-0.0002357,0.0008582
0.0003327,0.0012724,0.0010184
0.0032571,0.0022163,0.0006153
0.0061643,0.0006561,-0.0001031
0.0041694,-0.0015092,-0.0012755
0.0006602,-0.0052959,-0.0025541
-0.0012133,-0.0061694,-0.0042867
-0.0013388,-0.0057286,-0.0059888
-0.0029888,-0.0029276,-0.006049
-0.0039286,-0.0016582,-0.0049235
-0.0029398,-0.0005112,-0.0024622
-0.0009296,0.0017929,-0.0008735
0.0007602,0.0034388,0.0004102
0.0044031,0.0034776,0.0038031
0.0057,0.0049398,0.0044367
0.0063867,0.0043602,0.004
0.004699,0.0032265,0.0029143
0.0030173,0.0026082,0.0025684
0.0011959,0.0028541,0.0021714
0.0020582,0.0042602,0.001252
0.003001,0.0041531,0.000349
0.0010918,0.0022541,0.0008245
0.002151,0.0001429,0.0003367
0.0047316,-0.0029224,0.0002153
0.0035469,-0.0039847,-0.0020939
0.002399,-0.0036061,-0.0032378
-8.16e-05,-0.0059306,-0.0031133
-0.0052776,-0.0050102,-0.0034622
-0.0027255,-0.0019224,-0.0065224
0.0016316,-0.0036041,-0.0071429
-0.0019551,-0.003402,-0.0035969
-0.0050776,-0.0001796,-0.0021724
0.0002061,0.0012633,-0.0023265
0.0008786,0.0013367,-0.0010837
-0.0010163,0.0006194,0.0008612
-0.0020133,0.0023388,0.0005204
0.0016755,-9.9e-05,7.55e-05
0.0026041,0.0001102,0.0001469
0.00285,0.0022092,0.0008806
0.0038551,0.0040357,0.0018214
0.0024,0.0038173,0.0024673
0.0012633,0.0045224,0.0029898
0.0017765,0.0056857,0.0027878
0.0029143,0.0053296,0.0021296
0.0035031,0.0050602,0.002852
0.002548,0.0021224,0.0023449
0.0056694,-0.0027582,0.0002337
0.0060847,-0.0071633,-0.0014408
0.0030184,-0.009998,-0.0024633
0.001051,-0.0098316,-0.0042714
-0.001251,-0.0068969,-0.0056418
-0.0032867,-0.0032561,-0.0062041
-0.00335,3.27e-05,-0.0053224
-0.0015469,0.0010051,-0.0037173
0.0009296,0.000548,-0.0006673
0.0026602,0.0006806,0.0012602
0.0037133,0.0022653,0.0033051
0.0058551,0.0033867,0.0014439
0.0057929,0.0041561,0.001701
0.0034276,0.0045122,0.0018806
0.000501,0.004599,0.001748
0.0021745,0.005802,0.0029786
0.0058071,0.0035316,0.003352
0.0069,0.0009612,0.0022
0.0037765,-2.14e-05,0.0003398
0.0011245,0.0003337,-0.000898
-0.0013908,0.000649,-0.0020082
-9.49e-05,-0.0012316,-0.0047194
-0.0026827,-0.0042847,-0.0062939
-0.0065847,-0.00275,-0.0073633
-0.0055388,-0.0021551,-0.0091908
-0.0033,-0.0055071,-0.0084551
-0.0040398,-0.0053694,-0.0049806
-0.0036765,-0.0025541,-0.0032714
-0.0003449,-0.0010041,-0.0005337
0.0009878,-0.0003847,0.0020143
0.0030439,-0.0002816,0.0032449
0.0043969,0.0004806,0.0019204
0.0047796,0.0015265,0.0024541
0.0039949,0.0009439,0.0028735
0.0043337,0.0013816,0.0026622
0.0022459,0.0020449,0.0022816
0.0025184,0.0025724,0.0016031
0.0034735,0.0032622,0.0004582
0.0030847,0.0033214,0.0006735
0.0010622,0.0026143,0.0006663
0.0008541,0.002051,0.0010653
0.0019653,0.0017857,0.0006296
0.0038357,0.0007704,0.0014541
0.0026469,-0.0008194,0.0015827
-0.0005469,-0.0008673,0.000402
0.0013694,0.0027041,-0.0001245
0.0028847,0.0014643,-0.0007969
0.001151,0.000552,-0.0020051
-0.0008398,-0.0034918,-0.002148
-0.0004184,-0.0048694,-0.0037929
0.0011765,-0.0040633,-0.0039806
0.0009582,-0.0022184,-0.003451
0.0006745,-7.86e-05,-0.0022408
0.0013112,-0.0003663,-7.76e-05
0.0030439,0.0004541,-0.0002102
0.0036408,0.000698,0.0014796
0.0019776,0.0013173,0.0014051
0.0030418,0.0012194,0.0009796
0.0035418,0.0016286,-0.0009602
0.0013673,0.0023316,-0.0013684
-0.0005735,0.0020704,-0.0013582
0.0006714,0.0008888,-0.0008061
0.0028776,-4.9e-05,-0.0005378
0.0026755,-0.0004316,-0.0005531
0.0021306,0.0025867,-0.0009041
0.0016592,-0.0008949,0.0007
-0.0014918,-0.0009571,-0.0003347
0.0015378,0.0013949,-0.0029673
0.0037816,-0.0018031,-0.0024633
9.08e-05,-0.0018837,-0.0009367
-0.0010888,-0.000602,-0.0019378
0.0007439,0.0011663,-0.0023153
0.0017082,-0.0006194,-0.0026602
0.0006245,-0.001799,-0.0015235
-0.0016418,-0.0019388,-0.0022888
-0.0021429,-0.0026643,-0.0030388
-0.0014959,-0.003248,-0.0026949
6.33e-05,-0.0007765,-0.0022898
-0.0003071,0.0006878,-0.0014541
-0.0011184,0.0033388,0.0008459
0.0032541,0.0014184,0.0017031
0.0035061,0.0001378,0.0014102
0.0011316,0.001651,0.001998
0.0017347,0.0012,0.0007959
0.001601,0.0013408,-3.37e-05
0.0018041,0.0011286,-0.0003429
0.0008367,-0.0001806,-0.0003847
0.0008112,0.000302,-0.0002765
0.0008388,0.0008337,0.0005051
0.0014704,0.0018459,0.0007622
0.0026245,0.0019398,0.0005367
0.0017469,0.0010827,0.0008429
0.0021276,0.0010112,0.0013959
0.0019153,-0.0004602,-0.0001847
0.0022939,-0.0012214,0.0004194
0.0020673,-0.0010582,0.0004194
0.0018959,0.0003286,-0.000398
0.0013204,-0.000352,-0.00205
0.0012694,-0.0002041,-0.0009724
0.0006531,-0.0008796,0.0001133
0.0011776,-0.0013112,-0.0007949
0.0017122,-0.0008031,-0.0017388
0.0019327,-0.0008459,-0.0017776
0.0011235,0.0002898,-0.0007776
0.001502,7.1e-06,-0.0011541
0.0011816,0.0009724,-0.0015357
0.0022765,0.0004163,-0.0008367
0.0003367,0.0018796,-0.0010296
0.0009071,0.0032867,-0.001651
0.0003684,-0.0005673,-0.000152
-0.0004704,0.0012786,-0.0002031
0.0025082,0.0019408,-0.0021847
0.0049398,0.0004592,-0.0001061
0.0011622,0.0004969,0.0015837
0.0019735,0.0011531,-0.0005592
0.0031724,0.0015724,0.0005439
0.0014806,-0.000249,0.0013745
0.0006857,-0.0012204,0.0017143
0.0013357,-0.0015357,-0.0018194
0.0020867,-0.0031184,-0.0020541
0.0006459,-0.0036398,-0.0026408
-0.0009163,-0.0030745,-0.0038602
-0.001949,-0.0034163,-0.0044306
-0.0014388,-0.000702,-0.0049878
-0.0002847,0.000549,-0.003701
-0.0023827,0.0020031,-0.0018255
-0.0025061,0.0023724,0.0005133
0.0001327,0.002501,0.0022388
0.0033296,0.0018092,0.0014041
0.0042592,0.0005918,0.0017694
0.0025602,0.0008847,0.0014327
0.0014796,0.0005408,0.0005102
0.0013133,0.0011163,-0.0009857
0.0007827,-0.0004306,-0.0018816
-0.0015796,-0.0007337,-0.0008408
-0.0010133,0.0005776,-0.0007592
0.0020541,0.0002602,-0.0003888
0.0028143,2.65e-05,0.000702
0.0030408,0.0013816,0.001848
0.0031571,0.0006673,0.0022878
0.0025082,0.0006041,0.0013265
0.0022867,0.0005684,0.001748
0.0026,-0.0006255,0.0009245
0.0021153,-0.0011673,-0.001898
0.0015214,-0.0015153,-0.0031
0.0002582,-0.0020592,-0.0036469
-0.0001265,-0.002048,-0.0029888
-0.0010337,-0.0010367,-0.0032429
-0.001498,0.0020061,-0.0021704
0.0008296,0.0027969,-0.0029857
-0.0001122,-0.001748,0.0002082
-0.0028071,-0.0015439,-5.92e-05
0.0004541,0.0017867,-0.0025735
0.005001,0.0008214,-0.0019316
-0.0001286,-0.0010969,-0.0001622
-0.001048,0.00115,-0.0010561
0.003252,0.0023929,-0.0020786
0.0045286,0.0018816,0.0008265
0.0025561,0.0007755,0.0037061
0.0018959,0.0019582,0.0042878
0.00245,0.0023133,0.0037837
0.0038531,0.0026173,0.0044194
0.006948,-0.0005235,0.00435
0.0041245,-0.0007388,0.0019245
0.0015194,0.0014959,-0.0014724
0.004451,0.0022245,-0.0019827
0.0028418,-0.0007378,-0.0027235
-0.0009755,-0.0023163,-0.002999
-0.0030051,-0.0035459,-0.0058255
-0.0027765,-0.0046796,-0.0047357
-0.0020612,-0.0050571,-0.0039765
-0.0013204,-0.0025357,-0.0039245
0.0005633,0.0003265,-0.0038245
0.001498,0.0016561,-0.0024765
0.0027408,0.0009878,-0.0002643
0.0033255,0.0017837,0.0013378
0.0008888,0.0022643,0.0014857
0.0015347,0.0020969,0.0008
0.0021959,0.0015194,-0.0001459
0.001101,0.0015082,-0.0002673
0.0005327,0.0020265,0.0002745
0.0006122,0.002852,0.0004357
0.0016776,0.003249,0.0010908
0.0019776,0.0017633,0.0004531
0.0012306,6.33e-05,0.0002653
0.0018684,-0.001149,-0.0011459
0.0020153,-0.002352,-0.0025786
1.73e-05,-0.0027153,-0.0037418
-0.000748,-0.0032878,-0.0039357
0.0005041,-0.0021847,-0.003501
0.0007571,-0.0042408,-0.0015827
-0.0006112,-0.003201,0.0011357
0.0003551,0.0004327,4.08e-05
0.0050755,0.0005378,-0.0020276
0.001799,0.000198,0.0003592
-0.0010306,0.0008571,0.0012469
0.0010194,0.0020235,-0.0014714
0.0019724,0.0019622,-0.0004724
-0.0009439,0.0007888,0.0013561
-0.0016959,0.0006673,0.0005663
0.0011735,0.0001612,-0.001451
0.0014276,0.0015306,-0.0011071
0.0005878,0.0011163,0.0006857
0.0015102,0.001751,0.0005418
0.0006765,0.0026439,0.0007235
0.0018173,0.0020551,0.0006622
0.0029663,0.0010714,0.0010184
0.0019888,-0.0002204,0.0006663
0.0018071,-8.47e-05,9.39e-05
0.0010367,0.0010173,0.0002112
0.0026959,-0.0017255,0.0004714
0.0037245,-0.0017398,-0.0003143
0.0026122,-0.0035939,-0.0016398
0.0014408,-0.0037306,-0.0017765
-2.76e-05,-0.0005776,-0.002402
-0.0002602,0.0037837,-0.0026122
-0.0013949,0.0023531,-0.0008367
-0.0009051,0.0015622,7.65e-05
0.0020031,-0.0014398,0.0011551
0.0015776,-0.0016612,0.0002571
0.0033173,-0.0021286,0.0003265
0.0038847,-0.0009969,0.0004265
0.0028776,0.0004745,-0.0012918
0.0012592,0.0018418,-0.0026602
0.0018684,0.0018724,-0.0030847
0.0006949,0.0012459,-0.0010939
0.0010765,0.0017143,0.0001786
0.0016347,0.0045439,0.0003357
0.0032173,0.0041102,0.0011071
0.0027214,0.0051153,0.0068061
0.0079929,0.0086235,0.0078306
0.0098469,0.0029153,0.003601
0.0012286,-0.0042643,-0.0004388
0.0005398,-0.0053694,-0.0029939
0.008651,-0.0037276,-0.0090051
0.009399,-0.0018061,-0.0103357
-0.0054286,-0.0026918,-0.010198
-0.0120102,-0.0044673,-0.0061347
-0.0038214,-0.0084112,-0.0084133
-0.0046531,-0.0128551,-0.0056408
-0.0023622,-0.0084786,-0.0008153
-0.0031592,-0.0018776,0.0019643
0.0008102,0.0007296,0.002099
-0.0039112,0.0042908,0.0037806
-0.0057449,0.007849,0.0054378
-0.0055531,0.0076388,0.0051857
-0.0108367,0.004698,0.0058184
-0.0174878,0.00335,0.0028582
0.0164429,-0.0002041,-0.0076929
0.0364,-0.0017245,-0.0079857
0.0215816,4.59e-05,-0.0045612
-0.0099184,0.0099143,0.002798
-0.0094,0.0057235,0.0013724
0.0032847,-0.0025755,7.14e-05
0.001399,-0.0015735,-0.0006224
-0.0020694,-0.0010133,-0.0015561
0.0003173,-0.0030816,-0.0024796
0.0031673,-0.0041612,-0.0031316
0.0034878,-0.0036122,-0.0010561
0.0005908,-0.0017663,0.0003082
-0.0039847,-0.0014908,-0.0010245
-0.0028286,-0.0014612,-0.0026082
-0.0002255,-0.0025082,-0.0023765
0.0010041,-0.002149,-0.0012276
0.0013051,0.0004898,-0.0004837
-4.29e-05,0.0030255,0.0001378
-0.0001612,0.0058745,0.002249
0.0048418,0.0086041,0.0043449
0.0068133,0.0061041,0.0069673
0.0038888,0.0050694,0.006899
0.0042,0.0080837,0.0031449
0.0049031,0.0046969,0.0024888
0.0034296,0.0003959,0.0038439
0.0017806,-0.0027224,0.0028653
0.0029367,-0.0014786,0.0002204
0.0024429,-0.0020378,-0.0001071
0.0018898,-0.0040061,-0.0006888
-0.0004,-0.002502,-0.0014204
-0.0002408,-0.0017673,-0.0025418
0.0015347,-0.0025531,-0.0013878
0.004248,-0.001251,-0.0009337
0.0031796,0.001348,-0.0010969
0.0021561,0.0020612,-0.0014633
0.0034245,0.0014816,-0.0014888
0.0031102,-0.0010031,-0.0022367
0.0008704,-0.0011541,-0.0030827
-0.0007224,0.0011673,-0.0030643
-0.0002061,0.002349,-0.0040041
0.0007633,0.0005214,-0.0035133
0.0007102,0.0011245,-0.0023306
0.0015173,0.000399,-0.001498
0.0013602,-0.0010806,-0.0020439
0.0004418,0.000302,-0.0008316
0.0008918,-0.0005316,-0.0003337
0.0010255,-0.0001173,-0.000401
0.0010673,0.0007786,-0.0006194
0.0025602,0.0005765,-0.0013908
0.0035173,-0.0029939,-0.0011449
0.0005827,-0.0023571,-0.0016551
-0.0022867,-0.0018918,-0.0031908
-0.001902,-0.0018235,-0.0040643
-0.0006622,-0.0024092,-0.004749
-0.0011031,-0.0024408,-0.0045224
-0.0021796,-0.0020357,-0.0030357
-2.86e-05,-0.0024429,-0.0029153
0.0008571,-0.0012316,-0.0023898
-0.0005663,0.0005122,-0.0016459
-0.0011388,0.0029173,-2.35e-05
0.0015296,0.0049612,-0.0004622
0.0032643,0.0019163,0.0025694
0.0010224,0.0005724,0.0037714
0.0038245,0.0040561,0.0007388
0.0072184,0.0016327,0.0017245
0.0012418,0.0002816,0.0053092
-0.0020143,0.0025235,0.0054194
0.004049,0.0027878,0.001902
0.0058633,0.0006582,0.0011
0.0011571,-0.0003224,0.0007531
-0.0011,-0.0011847,-0.0006959
0.0008429,-0.0017153,-0.0044224
0.000448,-0.0034418,-0.0038857
-0.000402,-0.0026408,-0.0042888
0.000401,-0.0028786,-0.0035388
0.0012724,-0.0013776,-0.0021347
0.0021367,0.0002837,-0.001149
0.0026061,-0.0022031,0.0015806
0.0016276,-0.0020796,0.0031429
0.0014918,0.0039827,0.0023643
0.0025878,0.0090939,0.0015633
0.0032153,0.0097776,0.0022796
0.0050714,0.0069327,0.0011112
0.0059684,0.0035959,-0.0041837
0.0080082,0.0085122,-0.0128694
0.0176633,0.0218173,-0.0103898
0.0220633,0.0152092,0.0112378
-0.0026316,-0.0173408,0.0127082
0.0007888,-0.0308847,-0.0001439
0.0285204,0.0018531,-0.0101571
0.0351143,0.0204214,0.0039439
-0.0010582,0.0180327,0.0065276
-0.057448,-0.0087286,0.0033327
-0.0777898,-0.0392714,-0.0019592
-0.0558888,-0.0384878,-0.0144653
-0.0234724,-0.0154327,-0.0175929
0.0431806,0.0151051,0.0527388
0.1069031,0.0497327,0.0898796
0.0559122,-0.0559082,-0.0083765
0.0464051,-0.0551286,0.0111306
-0.0017745,-0.0021276,0.0150133
-0.0186429,0.0173929,-0.0131633
-0.0323551,0.0200755,-0.0129857
-0.0267612,0.0128949,-0.0196031
-0.0166122,0.0005735,-0.0176204
-0.0067755,-0.0150398,-0.0089367
-0.0008398,-0.0204224,-0.0122735
0.0032122,-0.0124224,-0.0239592
0.0060296,-0.0002582,-0.0312857
-0.0046173,0.0006459,-0.0296245
-0.00735,-0.0022,-0.038298
-0.010151,-0.0069173,-0.0345633
-0.0102337,-0.0064184,-0.0244622
-0.0090816,-5.61e-05,-0.0136694
-0.0005306,0.0084184,-0.0063173
0.0065653,0.0147296,0.0043847
0.0149622,0.0202235,0.0151316
0.0217612,0.0186571,0.0266837
0.024252,0.0146816,0.0386796
0.0238531,0.0106673,0.0340684
0.0217735,0.0060653,0.0291949
0.0166245,0.0094592,0.021551
0.0115439,0.017201,0.0132714
0.0063673,0.0151684,0.0083908
0.000848,0.0008867,-0.021198
-0.0037061,-0.0099296,0.0072582
-0.0276347,0.0077245,0.0534061
-0.010552,0.021551,0.0153337
0.0057745,0.0202847,-0.0118388
0.0177714,0.0015582,-0.0060724
0.0087939,-0.006401,-0.0078429
-0.01425,-0.0032776,0.0109439
-0.0123755,-0.0032061,-0.0043694
-0.0261663,0.0088939,-0.0039602
0.0117133,-0.0139602,-0.0011908
0.0305643,-0.0215827,-0.0088959
0.0434531,-0.0262286,0.0077173
0.0083204,-0.0054847,0.01915
-0.0216367,-0.0072122,-0.0100643
-0.0056367,-0.0093224,-0.0032888
0.0050071,-0.0071245,0.0025041
0.0021745,-0.0224133,-0.0108357
0.0073112,-0.0360388,-0.0141184
-0.0188173,0.020802,0.0039622
0.0096755,0.0222408,-0.0047622
0.0107653,-0.0052837,0.007951
-0.0228,0.0054327,-0.0055531
-0.0133245,-0.0155969,-0.0465837
-0.0428622,-0.0067469,-0.0294102
-0.0362653,0.0442755,-0.0134786
0.0192122,0.0247112,0.033698
0.094,-0.0283551,0.0278082
0.071699,-0.0005531,0.0030908
-0.0077286,-0.0308204,0.032102
-0.0648847,-0.0063806,-0.0083082
-0.029651,-0.0092,-0.0069786
0.0244459,0.0143837,-0.0109051
0.0412337,0.0123296,0.0084827
0.0546286,-0.009302,0.0319908
0.0237286,-0.0161398,0.0382531
-0.0044582,-0.002502,-0.0093724
-0.0142918,0.0132765,-0.0180041
-0.0217316,0.012899,-0.0321673
-0.0133265,0.0009082,0.0423122
0.0519316,-0.0253806,0.0183755
0.0318908,-0.008252,0.0210796
0.0059204,-0.009851,-0.01975
-0.0286286,-0.002352,-0.0231051
-0.0496704,0.003749,0.0014898
0.0081755,0.0158837,-0.0266939
0.0223561,0.0167337,-0.0085918
0.0258582,-0.0070439,-0.0131388
-0.0076776,-0.0014745,0.018798
0.0001541,-0.0043276,0.0389908
0.018352,-0.0114694,0.0134173
0.0130765,-0.0059398,-0.0189939
-0.007002,-0.0055306,-0.0214276
-0.0241469,0.0114163,-0.0035837
0.0096388,0.0230684,-0.0016643
0.0148765,0.0115092,0.0096541
0.0090816,-0.0023102,0.0089276
-0.0095388,-0.0011031,0.0050867
-0.0032031,-0.0142918,-0.0049806
0.0427469,-0.0337398,-0.0218796
0.0191286,-0.0203898,-0.0024265
-0.0110602,-0.010299,-0.0142663
-0.111902,0.0167765,-0.0347918
0.0132388,0.0184622,-0.0172582
0.0906918,0.0324235,0.0106622
0.0042806,0.0456898,-0.0199265
-0.0725908,-0.0064602,0.06755
-0.0634235,-0.0222347,0.0283061
-0.0370235,0.0080316,-0.0399051
0.0412449,-0.0224765,0.0095735
0.0637786,-0.0057755,0.017748
0.035048,-0.0021367,-0.0238939
0.0776571,-0.040852,0.0040327
0.0125878,-0.0620827,0.0437184
-0.0461163,-0.0016367,0.0189969
-0.0253184,0.0477061,0.0297959
0.1235224,0.0553684,4.9e-05
-0.0645602,0.028002,0.0127592
0.0049714,0.0053153,0.0071857
0.0125898,0.0307245,0.007302
0.0014439,0.0107,-0.0101898
-0.0150286,-0.0171857,-0.0232857
-0.0071102,-0.0129592,-0.0088459
-0.0176122,-0.0183041,-0.0228378
0.0443327,-0.0386265,-0.0202296
0.0406643,-0.0332837,0.0062735
0.0564765,-0.0335643,0.0029959
0.0813541,-0.0866653,0.0008204
0.0343673,-0.1761745,-0.0105582
-0.1918265,-0.3429827,-0.1123939
-0.2374745,-0.2907408,-0.0289469
-0.1099898,-0.1926255,0.1708714
0.0408561,-0.2183704,0.1027673
0.1079224,-0.1384122,0.0175582
0.0627939,0.022,-0.0562745
-0.0533429,0.1327684,-0.0872643
-0.0966969,0.1478857,-0.1077082
0.3769092,0.0814265,-0.103499
0.2600439,0.1092908,-0.1066194
0.4175939,0.1747214,-0.0632908
0.0626378,0.1424082,-0.1712602
0.2080184,-0.0628235,1.0304245
0.2686643,-0.1474347,-0.123452
0.0481878,-0.0667296,-0.6937592
-0.1142031,0.0345327,-0.2368276
-0.2622776,0.0210439,0.1938541
-0.2907673,-0.1697255,0.0142878
-0.1507184,-0.1221347,0.0250755
0.2574745,0.0193122,0.1515837
0.5138071,0.0842776,0.1067847
0.5056418,0.074748,-0.2099531
0.4145796,0.1318745,-0.5417459
0.3734092,0.229152,-0.5199857
0.4238316,0.3606827,-0.3676755
0.5010388,0.4097265,-0.2794163
0.5803408,0.4131714,-0.2722173
0.7012286,0.3821929,-0.2243041
0.8588082,0.2653622,-0.0894418
0.8257969,0.2317367,0.3163929
0.5291265,0.1862204,0.8303143
0.2580796,-0.0208255,0.9621898
0.0661102,-0.0468643,0.810349
-0.0067122,-0.1051888,0.6003827
-0.0445255,-0.1044531,0.2842888
-0.0647316,-0.1084776,0.0407133
-0.2023316,-0.1462367,-0.0864337
-0.2363378,-0.278149,-0.0702041
-0.2710929,-0.2272276,0.0178367
-0.3109786,-0.1337143,0.0384031
-0.2395918,-0.1604888,-0.0451735
-0.1909296,-0.1749867,-0.0912592
-0.20915,-0.0700255,-0.1021459
-0.2411286,0.0910255,-0.1658449
-0.1747561,0.1571959,-0.4062551
-0.0851694,0.1888102,-0.6245367
0.5243031,0.0331347,-0.4418102
0.618802,0.0952224,-0.1022878
0.3782908,0.1015276,-0.0176602
0.0625082,0.0968582,0.0275398
0.0222398,0.0114316,-0.018848
-0.0085806,-0.0032806,0.0300571
-0.0036704,-0.0019398,0.0702714
0.0072041,-0.0590918,0.1220929
0.0524133,-0.1077541,0.1873286
0.1266041,-0.0187347,0.207402
0.172952,0.0193541,0.1172643
0.1234,0.0535286,-0.1183633
0.0462541,0.1018041,-0.3655357
-0.0512388,0.1835408,-0.3983429
-0.0730888,0.1878194,-0.3718163
-0.0193265,0.1270929,-0.3274316
0.1032745,0.07725,-0.2214745
0.1589439,0.1026847,-0.0215214
0.1691408,0.1429388,0.1528459
0.1780694,0.0816745,0.1353143
0.1213551,0.0428531,0.0520776
-0.0055571,0.0334439,-0.0123959
-0.0661918,0.0491153,-0.0565653
-0.0464276,0.0767898,-0.0250051
-0.0582673,0.0790643,0.0417102
-0.071448,0.0508357,0.0705755
-0.0564082,0.0336459,0.0916806
-0.0146347,-0.000399,0.0966429
0.0013143,-0.0277071,0.0783439
0.0324408,-0.0042163,0.1164898
0.0178255,0.0261204,0.0775806
0.0061398,0.0541224,-0.0149969
-0.0017857,0.0637357,-0.0964786
-0.0067878,0.0402878,-0.1070184
0.0148102,0.0088255,-0.0055214
0.0159204,-0.0056347,0.1028582
-0.0166694,-0.0094571,0.0957694
-0.0281776,-0.0067745,0.0289571
0.0030133,-0.0074061,-0.0031265
0.0216776,-0.0042908,0.0120959
0.0226265,0.0061041,0.0261582
0.0005786,0.0150592,-0.0036745
-0.004552,0.0122184,0.0266163
0.0119776,0.0051031,0.0666316
0.0183561,0.0035908,0.0653776
0.013298,0.008051,0.0384745
0.0104541,0.0033,0.0129327
0.0087857,0.0130949,0.0119245
0.0165796,0.0145439,-0.0187439
0.0174163,0.0175837,-0.0279102
0.0172888,0.0077439,-0.01085
-0.0076061,-0.0029255,0.0499071
-0.0313735,-0.0078071,0.0801857
0.0003745,-0.0173714,0.0519816
0.0275224,-0.0059031,-0.0929061
0.0350173,0.0392531,-0.2447092
-0.0248173,0.0223235,-0.0161837
-0.0165429,-0.0085929,0.0928286
-0.0202755,0.011052,0.1425612
0.0074776,-0.0014061,0.0345337
0.0226286,0.0055388,-0.1064959
