accx,accy,accz
0.0587724,-0.0525929,-0.2457633
0.1694347,-0.0371908,-0.1504153
0.1431357,0.008548,-0.0446786
0.1171082,-0.0317265,-0.0479082
0.099302,-0.0546163,-0.0227694
-0.1068551,-0.0641663,0.1933776
-0.2345847,-0.0758602,0.3072163
0.0012031,-0.1806561,0.4538153
0.1298378,-0.1857051,0.1211357
0.0026337,0.0030959,-0.3742653
-0.1327367,0.0476082,-0.0615714
-0.1690429,0.0579224,0.1717582
-0.1106908,0.1284908,0.3964173
0.0213173,-0.0160765,0.2842224
-0.0184429,-0.0539633,0.0816714
-0.1377357,-0.0102735,-0.0542755
-0.2288367,-0.087051,-0.263951
-0.2240602,-0.0811194,-0.252102
0.0181837,-0.0763378,0.1440143
0.1057622,-0.0541592,0.2900684
0.085651,-0.0265235,0.1547112
0.0143122,-0.0491051,-0.1227622
-0.1158663,-0.0804194,-0.3784367
-0.1765714,-0.0675592,-0.423601
-0.1921816,-0.098801,-0.3848684
-0.1633806,-0.2961173,-0.3484357
-0.2558194,-0.6253735,-0.3250092
-0.4789112,-0.3621296,-0.2699337
-0.5792714,-0.3264255,-0.3011031
-0.4837898,-0.3523235,-0.3181265
-0.4126633,-0.2724959,0.0319663
-0.2481316,-0.1809765,0.2965704
-0.1179776,-0.1044898,0.3174531
0.0285143,-0.1004786,0.192202
0.3300724,-0.1336929,-0.0314306
0.6442041,-0.0300765,-0.2752592
0.7146153,0.1538704,-0.3414398
0.801349,0.2383867,-0.362401
0.8130398,0.2781531,-0.3493551
0.8184276,0.2766786,-0.1958704
0.7890827,0.214348,0.0120367
0.661602,0.164951,0.040948
0.5391122,0.1842337,-0.0930724
0.4001837,0.1701786,-0.3407827
0.219149,0.1445133,-0.4267102
0.0303061,0.1193847,-0.237998
-0.1012194,0.0494878,-0.078352
-0.3681551,0.035552,-0.0912969
-0.3050255,-0.0164143,0.0040296
-0.0979929,-0.2492755,-0.1353949
0.0352306,-0.2075398,-0.2256694
0.0047704,-0.0268429,0.0800551
0.0076806,-0.0159673,0.2069816
-0.0566806,-0.0573163,0.1688531
-0.0061316,-0.0024367,0.0850082
-0.0905684,0.0478296,-0.0418959
0.0178949,0.0145541,-0.0938102
-0.0890929,0.0557092,-0.0366847
-0.0368561,0.0247133,0.0089214
-0.0736561,0.1175714,0.0582031
-0.0296296,0.0626204,0.0906878
0.0676357,0.034949,0.1219571
0.4019378,-0.0240827,0.1181337
0.2486724,0.1017898,-0.1361918
0.0797765,0.0485255,-0.2237837
-0.0899194,0.0655561,-0.1210786
-0.231798,0.1289173,-0.0276571
-0.2664816,0.1387684,0.052602
0.0499122,0.0748102,-0.0340684
0.1405449,0.0998265,-0.0686429
-0.1414031,0.1435673,-0.0920959
0.010602,0.0692092,0.1246704
-0.1191031,0.1011245,-0.0198112
-0.2654143,-0.0552388,-0.0502367
-0.4284857,-0.0585224,0.1789582
0.1241908,-0.0524898,0.0856867
0.0293847,0.0328051,-0.0498429
0.0215357,-0.0639327,0.1936469
0.0539204,0.0677092,-0.1043378
0.0337541,-0.0138959,-0.2315531
-0.1185357,-0.2319694,-0.1406867
-0.0873602,0.1203969,0.0950204
-0.16015,0.2917786,0.1274653
-0.0671571,0.0084633,-0.089151
0.4299133,-0.2920255,0.0455429
0.3500898,-0.7401745,-0.1717398
-0.0063214,-0.653101,0.2605847
0.0323449,0.4111796,0.0491071
-0.1133612,0.1783643,0.2354918
0.1181194,-0.2841796,-0.3413082
-0.0338704,-0.2901867,0.0349398
0.0107969,-0.0388551,0.0786898
-0.0264235,0.0177745,-0.0048306
-0.1621347,0.0958714,0.022051
0.0143071,0.192299,0.0045306
0.1891133,-0.1191694,-0.1418663
0.0951163,-0.0998235,-0.0445245
-0.03015,-0.0270153,-0.028898
-0.0242908,-0.0098735,-0.0293173
-0.0169888,0.0200429,-0.0258969
0.0168694,0.0468408,-0.0392724
-0.0330204,0.1395235,-0.0467571
-0.4111786,1.0368378,0.1615388
-0.1919898,0.5163051,0.3185571
-0.1989908,0.4926755,0.1040765
-0.1360133,0.0864347,-0.0640133
-0.1392867,-0.0472357,-0.0480745
-0.22995,0.0793796,0.0372571
-0.1295327,-0.0615255,-0.0835602
-0.0278071,-0.2411347,-0.0337388
0.0599602,-0.2603561,-0.0052429
0.1248939,-0.1464112,-0.0519724
0.0483561,-0.0995204,0.0002908
-0.0286867,-0.0996561,0.0013929
-0.1742469,0.0734622,-0.00255
0.0573929,0.0676459,0.2544653
0.1279102,0.0140153,-0.1146306
0.1339173,0.0494367,-0.0488184
0.1785735,-0.5487612,0.0683857
0.4196,-1.1849439,-0.0647929
0.5172776,-0.3319418,-0.1420061
0.112202,0.006149,-0.1235296
-0.1690714,0.0887959,0.1166
-0.1281745,0.13215,0.0778612
-0.0286582,0.015,-0.0865082
0.1029398,-0.2160898,0.0547184
0.1029173,-0.1854469,-0.0396173
-0.0477449,-0.0448429,-0.0006153
-0.1017306,0.0103429,0.0391143
-0.0507398,-0.000252,0.050099
-0.0269622,0.0166327,0.0917061
-0.0492286,0.05125,0.0223969
-0.0129653,0.0635663,-0.0204204
0.0485031,0.0692786,-0.0146041
0.0639418,0.056402,-0.0805153
0.1437255,0.010399,0.0141684
0.0876714,0.015851,0.1164653
0.0207214,0.0576888,0.0677857
0.0469061,0.0717796,0.0568337
0.0794286,0.0950163,0.0775724
0.1159439,0.1207388,0.0280796
0.1908633,0.0664643,0.0434776
0.2285765,-0.0048745,0.2168173
0.1632847,-0.0109837,0.1922112
0.0059684,0.0581755,-0.0739408
-0.0127408,0.0892439,-0.0806592
0.0695878,0.1261378,0.0841
0.0454265,0.1798908,0.016302
-0.1327286,0.2105163,-0.1004663
-0.0757633,0.1649724,-0.0131959
0.1286173,0.0867888,0.044302
0.1626969,0.0282133,0.0823429
-0.0899184,0.0903776,0.0544582
-0.1715867,0.1162122,0.026848
-0.1117367,0.0668806,0.0483541
-0.0415561,-0.0310531,0.0734816
-0.0300786,-0.0993306,0.0057459
-0.026049,-0.1237184,0.0215969
-0.0574724,-0.0957102,0.0441704
-0.0805755,-0.0658724,0.0755694
-0.0862296,-0.0634122,0.0440561
-0.0680388,-0.0814888,-0.0056163
-0.0712643,-0.0693806,-0.0020469
-0.0754541,-0.0288143,-0.0040612
-0.0785888,0.0100429,-0.0666418
-0.0202827,0.0917653,-0.1371939
0.0880673,0.1486133,-0.1465276
0.1289337,0.1187173,-0.0835296
0.0091796,0.1188,-0.0940388
-0.0736316,0.1320796,-0.0813571
-0.0260765,0.1298714,-0.1005143
0.064652,0.1397714,-0.0859888
0.0421898,0.1233735,-0.0601571
-0.031,0.1670755,-0.1270704
-0.0797673,0.2270622,-0.1981
0.0340286,0.2446408,-0.203001
0.0785694,0.1789367,-0.1600612
0.0465673,0.1072143,-0.1593367
0.0504122,-0.0527112,0.0252051
0.0341878,-0.0579653,-0.0075347
0.0766316,-0.0375347,-0.02115
0.0958592,-0.0801878,0.0212408
-0.0041316,0.0322541,0.121101
-0.0429337,0.2066224,0.086099
0.0387806,0.1788112,-0.0467806
0.0728153,0.0972531,-0.0473051
-0.0031041,0.0730847,0.0243184
-0.02195,0.0343592,0.03225
-0.0139551,-0.0081592,8.98e-05
-0.0777786,-0.0118827,0.0371347
-0.1257398,-0.0219082,0.0507245
-0.094002,-0.0309551,0.0166327
0.0006327,-0.0488071,0.0608878
0.0653612,-0.0367214,0.1293449
0.0386939,-0.0022316,0.0705796
-0.0050204,-0.0047643,0.0686
-0.0071796,-0.0447408,0.0698755
0.1236112,-0.1045133,-0.0538786
0.1601653,-0.0296408,0.0792531
-0.05265,0.0441735,0.0869643
-0.0885908,-0.0218806,0.0014847
0.0419153,-0.0797367,-0.0269061
0.0827265,-0.0703816,-0.0164092
-0.0531306,-0.0149816,-0.0408939
-0.1574929,-0.0972357,-0.1887439
-0.0976582,-0.1147898,-0.2074857
-0.039298,-0.0008745,-0.0013327
-0.0806724,0.0569245,0.1392418
-0.0769827,0.0275541,0.0888878
-0.0284929,0.0005867,-0.0204939
0.0026429,-0.0198745,-0.0627735
0.0100204,-0.0016184,-0.0572041
0.043952,0.0206694,0.1497153
0.0116306,0.0052255,0.3495551
-0.0251776,0.0055061,0.1733837
-0.1259265,-0.021202,0.0652041
-0.1404245,0.0290939,-0.3414388
-0.029699,0.0464704,-0.2704357
0.0702929,0.0507102,-0.1539265
0.017051,0.0469459,0.0429571
0.0120429,0.0245571,0.0978051
-0.0017612,-0.0278378,0.0860592
-0.0220214,-0.0804827,-0.0304663
0.0665102,-0.015398,-0.0575612
0.1212408,-0.0107245,-0.0344184
0.1035673,-0.0725571,-0.0329878
-0.003548,-0.037302,-0.0096969
-0.0647878,-0.004902,0.0375582
-0.0500051,0.0319541,0.0620745
-0.0420061,0.0401408,0.0490429
-0.0382245,0.0393224,0.0484265
0.0048327,0.0253061,0.0523878
0.0219102,0.03275,0.0153
0.0169796,0.0462388,0.02965
0.0074296,0.0457439,0.052401
0.0048561,0.0303,0.0772786
-0.0240041,0.0068949,0.0599398
-0.0737959,-0.0073898,0.0655184
-0.0670071,-0.0338714,-0.0297929
-0.0244357,-0.0534133,-0.0806888
-0.0244449,-0.025351,-0.0508806
-0.019,-0.0076,-0.0245092
-0.0163061,0.0096439,-0.0046449
-0.0133163,-0.01085,0.0215051
0.0002827,-0.0222969,0.0203898
0.0070796,-0.0170684,0.0156082
0.0098908,-0.0146163,0.0164276
0.0105122,0.0058582,0.0197908
0.0048051,0.0138694,0.0238388
0.0033224,0.0193531,0.0250224
0.004102,0.0222673,0.0214214
0.0057806,0.018751,0.0127806
0.0108276,0.0096908,0.0074184
0.0051857,0.0029622,0.0079888
-0.0045694,-0.0006092,0.0108337
-0.0073653,-0.0009,0.0089194
-0.0093418,0.0018673,0.0182133
-0.0064582,0.0132418,0.0174939
-0.0102439,-0.0130102,-0.0034684
-0.0050816,0.0019592,0.0087
-0.0027684,0.0130745,0.023449
-0.0073133,0.0027694,0.024502
0.0006051,0.0085551,0.0142571
0.0024551,-0.0057745,0.0072673
0.0083286,-0.0018102,0.0288653
-0.0128765,0.0042633,0.0258561
-0.0239816,0.0070847,0.027951
-0.02235,0.0031061,0.0246622
-0.0076592,0.006749,0.0447571
0.0147,0.0130337,0.0539776
0.011002,0.0155663,0.032499
-0.0019051,0.0013449,-0.0366929
0.0170163,-0.0250969,-0.02335
0.0150184,-0.0072194,0.0019724
-0.0036888,0.0049745,0.0252265
-0.0046092,0.0108888,0.0296561
-0.0036051,0.0028571,0.0179459
-0.002751,0.0026306,0.0117969
-0.014402,0.0055653,0.0166286
-0.0138786,-0.0006745,0.0170133
-0.008898,0.0014296,0.017498
-0.0104888,-0.0003133,0.0119347
-0.006201,0.0010429,0.0090633
-0.0053622,0.0018735,0.009602
-0.0051265,0.002952,0.0117439
-0.0037908,-0.0005653,0.0132704
-0.0043459,-0.0014031,0.0161102
-0.0061827,0.0023194,0.0211204
-0.0027806,0.0064776,0.0179847
-0.0027949,0.0074153,0.016149
-0.0033408,0.002002,0.0163143
-0.0068755,-0.0009878,0.0159878
-0.0084806,0.001501,0.0171235
-0.0080276,4.1e-06,0.0146949
-0.0076857,-0.0010255,0.0143571
-0.0069418,-0.0017867,0.0145082
-0.0043633,-0.0003459,0.0167378
-0.0023082,0.0008143,0.0159939
-0.0030663,0.0019878,0.0176235
-0.0038429,0.0014173,0.0180765
-0.0032735,0.0036571,0.015098
-0.0011388,0.0034051,0.0178153
-9.18e-05,0.0025194,0.0183265
-0.0038245,0.0026133,0.0205153
-0.0052408,0.0006755,0.014149
-0.0068939,0.0009704,0.0146653
-0.0052551,0.0011622,0.0148827
-0.0050429,0.0003337,0.0155592
-0.0047388,0.00025,0.0143602
-0.0045051,0.0010286,0.0165929
-0.0056694,0.001952,0.0169653
-0.0052561,0.0014684,0.0163082
-0.003898,0.0013939,0.0192908
-0.0039939,0.0011867,0.0186765
-0.0030418,0.0008449,0.0167612
-0.0046571,0.0002357,0.0188357
-0.0047224,0.0005949,0.0178194
-0.0024908,-0.0002306,0.0144102
-0.0011755,-0.0007663,0.0154194
-0.0037153,0.0019806,0.0147398
-0.0032224,0.0018255,0.014449
-0.0039765,0.001651,0.0154949
-0.0048806,0.0023714,0.0157173
-0.0040888,0.0027673,0.0158153
-0.0021071,0.0035939,0.0179847
-0.0021276,0.0018173,0.0157306
-0.0042918,-6.53e-05,0.0162296
-0.0036612,-0.0004888,0.0166092
-0.0046296,-0.0007255,0.0163857
-0.0057143,7.65e-05,0.0175888
-0.0044031,0.0003378,0.0139643
-0.0039949,0.0011296,0.0159531
-0.0041031,0.0026184,0.0180592
-0.0067255,0.0037347,0.0173653
-0.004501,0.000149,0.0138673
-0.0051673,0.0012796,0.0148388
-0.0053133,0.0023867,0.0152612
-0.0030418,0.0014276,0.015901
-0.0036367,0.001149,0.0179449
-0.005901,0.0016888,0.0178469
-0.0055347,0.001799,0.0184724
-0.0034622,0.0007163,0.0147224
-0.0038459,0.0018857,0.0161071
-0.0019878,0.0012184,0.015902
-0.0033041,0.0002694,0.0162071
-0.0022765,0.000852,0.0165796
-0.0018959,3.98e-05,0.0150408
-0.0031367,0.0002796,0.0161439
-0.0049439,0.0005786,0.0168378
-0.0048582,0.001402,0.0168143
-0.003802,0.001998,0.0145429
-0.0046888,0.0009133,0.0152469
-0.0037214,0.0009724,0.0136112
-0.0054153,0.0018816,0.0165796
-0.0041163,0.001798,0.0175408
-0.0028643,0.0009806,0.015551
-0.0042214,0.0025653,0.0166622
-0.0040265,0.0016694,0.01535
-0.0049071,-0.0002888,0.0167704
-0.0050531,0.0011827,0.0155694
-0.0047582,0.0020143,0.0159204
-0.0034714,-0.0001908,0.0134949
-0.0046265,0.0009194,0.0159265
-0.0021214,0.002149,0.0149367
-0.0023724,0.0013418,0.0163163
-0.0028418,0.0009939,0.0170286
-0.0049643,0.0011408,0.0183398
-0.0041837,0.0001449,0.016149
-0.0039296,-0.0001653,0.0160449
-0.0049204,0.0014061,0.0145816
-0.0046663,0.0007439,0.0153714
-0.0044908,0.0008214,0.0168653
-0.0031235,0.0011204,0.0154806
-0.0045224,0.0015337,0.0163163
-0.0033796,0.002348,0.0159745
-0.0032847,0.0016,0.0149418
-0.0045857,0.0020959,0.0157439
-0.004899,0.0024602,0.0176071
-0.0053633,0.0019929,0.0160837
-0.0047653,0.0003082,0.0164214
-0.0047316,0.0006439,0.0143878
-0.0029908,-0.0004582,0.015049
-0.0025235,-0.0002857,0.0145786
-0.0024408,0.0004704,0.0145061
-0.0034592,0.00025,0.0149612
-0.0045663,0.0020898,0.0181082
-0.0039071,0.0014837,0.0162337
-0.0034694,0.0015418,0.0163194
-0.0040837,0.0020367,0.0158837
-0.0024449,0.0016071,0.0171071
-0.002598,0.0008235,0.0150816
-0.0029469,0.000899,0.0162949
-0.0038612,0.0014439,0.0169204
-0.0053286,0.0015796,0.0166
-0.0051082,0.0018735,0.0151959
-0.0047561,0.0014714,0.0149449
-0.0063408,0.001548,0.0161204
-0.0058204,0.0007612,0.0157878
-0.0046908,0.0006071,0.016651
-0.0052153,-0.001899,0.0159694
-0.0070541,0.0007867,0.0171459
-0.0056663,0.0023735,0.0151939
-0.0033949,0.0008337,0.0141561
-0.0025245,8.47e-05,0.0147673
-0.001651,0.0015347,0.0173755
-0.0044541,0.0035061,0.0174867
-0.0018827,0.001252,0.0161204
-0.0022704,0.0003398,0.0160582
-0.004599,0.0001367,0.0168949
-0.0051388,0.0009888,0.0171469
-0.0046827,0.0009704,0.0163663
-0.0044276,0.0008418,0.0149112
-0.0047286,0.0016327,0.0168122
-0.0042429,0.0013735,0.0171949
-0.0045714,0.0016276,0.0157602
-0.004899,0.0017449,0.0160561
-0.0041235,0.0010459,0.0149296
-0.0044439,0.0014306,0.0177724
-0.0035776,0.0005786,0.0177929
-0.0059847,0.0014959,0.0166969
-0.0049112,0.0024408,0.0128939
-0.0046357,0.0019061,0.015048
-0.0046694,0.0011959,0.0171041
-0.0037092,0.0014143,0.0154612
-0.0035612,0.0009878,0.0161265
-0.0029735,0.0008265,0.0162827
-0.0023041,0.0006857,0.0148449
-0.0022031,0.0009857,0.0156449
-0.0024316,0.0008286,0.0173214
-0.0034837,0.0009592,0.0172541
-0.0027939,0.0010347,0.0164449
-0.0045592,0.0015092,0.0161357
-0.0049847,0.0006102,0.0160327
-0.0038378,0.0009633,0.0164418
-0.0036684,0.0011153,0.0158245
-0.0053939,0.0003571,0.0155337
-0.0054694,0.0003306,0.0165296
-0.006252,0.0007949,0.0181153
-0.0048939,0.0015541,0.0144296
-0.0054,-0.0009296,0.0130163
-0.0062459,0.0016051,0.0158653
-0.0060194,0.0026224,0.0172949
-0.0034296,-5e-05,0.0151092
-0.0029755,-0.0008061,0.0154602
-0.0028827,0.0016306,0.0160755
-0.0019306,0.0033541,0.0167643
-0.000249,0.0026857,0.0156337
-0.0014714,0.0019316,0.0146408
-0.0028571,0.0005959,0.0173143
-0.0031388,0.0005857,0.0186092
-0.0027878,0.00015,0.0164398
-0.0032184,-0.000299,0.0160224
-0.0043,0.0001561,0.0164357
-0.0057194,0.0021551,0.0166888
-0.0050622,0.0009765,0.0157316
-0.004849,0.0005755,0.0136827
-0.0041429,-0.000102,0.0136133
-0.003549,0.0018408,0.0129765
-0.0072745,0.00325,0.0169286
-0.007352,0.0024796,0.0189061
-0.0077439,0.0014102,0.0187755
-0.0063724,0.0011949,0.0157806
-0.0055857,0.0012459,0.0163735
-0.004149,0.0009633,0.015549
-0.0031296,0.0009378,0.015448
-0.0015898,0.0005765,0.0145663
-0.0020316,0.000801,0.0155898
-0.0050031,0.0014378,0.0192694
-0.0027898,0.0010837,0.0179765
-0.0025061,0.0008276,0.0159918
-0.00325,0.000101,0.0141296
-0.0036816,0.001502,0.016949
-0.0028531,0.0018806,0.0169663
-0.0020173,0.0014622,0.0168092
-0.0044378,0.0015908,0.0154541
-0.0057214,0.0013724,0.0158163
-0.0047888,0.0014184,0.0161112
-0.0049327,0.0007163,0.0166561
-0.0051469,0.0010929,0.0157673
-0.0060786,0.0027918,0.016051
-0.0045306,0.0011194,0.0144276
-0.0058184,-0.0016224,0.0162673
-0.0062408,0.0042122,0.019401
-0.0017816,-4.9e-05,0.014352
-0.0003439,-0.0006929,0.0115898
-0.0044133,0.0009857,0.0150245
-0.0053031,0.0024847,0.0177735
-0.0040031,0.0025663,0.0176122
-0.0010265,0.0019633,0.0165347
-0.0029714,0.0008439,0.0155051
-0.0054837,0.0005837,0.0172602
-0.0043133,0.0005194,0.0167429
-0.0047867,0.0007592,0.0159755
-0.0058276,-0.0001235,0.0151327
-0.0056398,0.0016429,0.01565
-0.004601,0.0032041,0.0173888
-0.0036143,0.001948,0.0167837
-0.0026684,-0.0007776,0.0151755
-0.0031653,0.0015276,0.0169184
-0.0038653,0.0012255,0.0166153
-0.0038378,0.001098,0.0162612
-0.0041306,0.0017357,0.0159388
-0.0039112,0.001098,0.0172398
-0.0045735,0.0007633,0.0158296
-0.0050918,0.0012082,0.0141561
-0.0054194,0.0003786,0.0156153
-0.0043041,0.0008163,0.016201
-0.0041643,0.0010735,0.0159704
-0.0040561,0.0011663,0.0162806
-0.0049112,0.0030112,0.0172735
-0.0046398,0.0015398,0.0166224
-0.0039776,0.0005133,0.0171306
-0.0038163,0.0007276,0.0163755
-0.0043102,0.0009561,0.0166704
-0.0026745,0.0008582,0.0163143
-0.0039643,0.0014918,0.0166286
-0.002948,0.0006163,0.0159245
-0.0037204,0.0021347,0.0165776
-0.0039857,0.0012439,0.0161541
-0.0036939,0.0004724,0.0157357
-0.0038378,-0.0001755,0.0152551
-0.0039327,0.0014112,0.0165367
-0.0034276,0.0019133,0.015899
-0.0036969,-0.0020316,0.0154531
-0.0052786,0.0011684,0.0174643
-0.0051714,0.0034878,0.0159082
-0.0039949,0.0016235,0.0145153
-0.0032429,-0.0003255,0.013249
-0.0036837,0.0007888,0.0173459
-0.0037714,0.0024378,0.017599
-0.0053153,0.0019163,0.016648
-0.0046541,-0.00015,0.0164735
-0.0065061,0.0004949,0.0178469
-0.0054051,0.0005949,0.0162939
-0.0049102,0.0009571,0.0148378
-0.0044745,0.0010418,0.0136214
-0.0042429,0.0016173,0.015851
-0.0048643,0.0025061,0.0177276
-0.0034337,0.0020255,0.0161704
-0.0022224,0.0006184,0.0159653
-0.0033531,0.0010837,0.0163143
-0.0027439,0.0016898,0.0166704
-0.0039724,0.0013878,0.0164857
-0.0029143,0.0009296,0.0164276
-0.0032153,0.0014796,0.0179286
-0.003251,0.0011163,0.0166102
-0.00405,4.08e-05,0.0153306
-0.0048806,0.0007816,0.0144204
-0.004802,0.0012622,0.0156
-0.0042551,0.000601,0.0172102
-0.0050153,0.001398,0.0170122
-0.0062173,0.0020551,0.0170245
-0.0057031,0.0018327,0.0175439
-0.0043306,0.001049,0.0134898
-0.0039449,0.0002551,0.0152173
-0.0045071,0.0018429,0.0169684
-0.0048276,0.0018888,0.0165316
-0.002798,0.0021041,0.0151959
-0.0030357,0.0017786,0.0154541
-0.0023214,0.002251,0.0173724
-0.0015204,0.0011949,0.0163541
-0.0027327,0.0011694,0.0161071
-0.0034663,-0.0004622,0.0163194
-0.004448,0.0018408,0.0174184
-0.0040051,0.0010571,0.0145673
-0.0047306,-0.0019102,0.0160082
-0.0074673,0.0012551,0.0180847
-0.0058031,0.0021531,0.0173776
-0.0045531,0.0002112,0.0140224
-0.0047388,-0.0003929,0.0141041
-0.0031255,0.0014929,0.0153122
-0.0030276,0.0034796,0.0176592
-0.0026214,0.0020214,0.0162867
-0.0037347,0.000451,0.0159398
-0.0059541,0.0009939,0.0180745
-0.0048449,0.0005898,0.018
-0.0042214,0.0011888,0.0161531
-0.0049276,0.0004643,0.0154082
-0.0052939,0.0014133,0.0154531
-0.0048827,0.003052,0.0163684
-0.0036745,0.0009847,0.0164755
-0.0030898,0.0004582,0.0163837
-0.0033704,0.0009276,0.0163071
-0.0037429,0.0021041,0.0166388
-0.0037837,0.0020786,0.0177908
-0.0034602,0.0010888,0.0162867
-0.0042888,0.0005959,0.0159827
-0.0039092,0.0002857,0.0150602
-0.0041735,0.0011827,0.0161653
-0.0040888,0.0004449,0.0150643
-0.0043939,0.0011388,0.0163031
-0.0045531,0.0022133,0.0159276
-0.0044827,0.001948,0.0163184
-0.0041102,0.0006908,0.0165816
-0.0031908,0.0006551,0.0168327
-0.0039316,0.0013949,0.0161684
-0.0048102,0.000702,0.0145031
-0.0033071,0.0007663,0.0166582
-0.0031684,0.0009449,0.0157459
-0.0039082,0.0006133,0.0152327
-0.0042765,0.0009714,0.0159184
-0.0056694,0.0018786,0.0176449
-0.0034653,0.0008398,0.0167449
-0.0028684,0.0011633,0.0157796
-0.0043031,0.0010827,0.0153224
-0.0045112,0.0003541,0.017201
-0.0037092,0.0018867,0.0169378
-0.0037112,0.001599,0.0156878
-0.0043724,-0.0007786,0.0157133
-0.0056704,0.0022031,0.0159622
-0.0048173,0.0028378,0.0157531
-0.0037786,0.0007959,0.0143347
-0.0044235,-0.0002796,0.0152265
-0.0041908,0.0010357,0.0167551
-0.0034724,0.0028388,0.0167
-0.0028612,0.0018327,0.0156133
-0.003798,0.000851,0.0172418
-0.0047184,0.0004776,0.0171173
-0.0052714,0.0013633,0.0164133
-0.0048143,0.0016643,0.0147735
-0.0032663,0.0006224,0.0126888
-0.0046694,0.0004796,0.0160408
-0.0054592,0.0025969,0.0187418
-0.0057102,0.0020398,0.015951
-0.0034337,0.0001163,0.0133806
-0.0033439,0.0006327,0.0150582
-0.0031602,0.0016633,0.0156602
-0.0038898,0.0018,0.0156878
-0.0024173,0.0015796,0.0162704
-0.0039571,0.001552,0.0146582
-0.0033969,0.0004959,0.0149265
-0.0043939,0.0009418,0.0141214
-0.0039133,0.0011776,0.0159449
-0.0041153,0.0002153,0.0155429
-0.0036143,0.0016153,0.0153735
-0.0044173,0.0007776,0.0154633
-0.0050378,0.0015796,0.0165469
-0.0039235,0.0016704,0.0156367
-0.0028388,0.0004235,0.0142918
-0.0024745,-1.94e-05,0.013902
-0.0044214,0.0014265,0.0154633
-0.0037796,0.0013745,0.0158306
-0.0034296,0.0016439,0.0153888
-0.0044367,0.0012898,0.0162031
-0.0038755,0.0010827,0.0154469
-0.0044276,0.0015194,0.0159806
-0.0041388,0.0002918,0.0162806
-0.0029704,-0.0002612,0.0149327
-0.002649,0.00145,0.0151735
-0.0041531,0.0014112,0.0161643
-0.0041806,0.001198,0.0151112
-0.0036255,-0.0006745,0.014752
-0.0070316,0.0018041,0.0176765
-0.0048908,0.0032643,0.0160969
-0.0038357,0.0020735,0.0138092
-0.0026194,-1.12e-05,0.0137265
-0.0029653,0.0008694,0.0160316
-0.00365,0.0020133,0.0177255
-0.0041827,0.0018673,0.0163388
-0.0029367,-0.0007418,0.0163908
-0.0058388,-0.0009041,0.0156194
-0.0051082,-0.000449,0.017352
-0.0046622,0.000398,0.0164296
-0.0031663,0.0007092,0.0149806
-0.0055806,0.0013337,0.0159112
-0.005049,0.0034265,0.017801
-0.003752,0.0028592,0.0155561
-0.0014214,0.000102,0.01515
-0.0032,0.0010571,0.0152878
-0.0031133,0.0016276,0.0163163
-0.0032,0.0015133,0.0176255
-0.0045561,0.002049,0.0163571
-0.0046439,0.0006592,0.0156071
-0.0043316,0.0008776,0.0159276
-0.0049276,0.0008316,0.0158837
-0.0049765,0.0007163,0.0163878
-0.0036122,0.0012071,0.0163673
-0.0051602,0.001799,0.0158316
-0.0043663,0.0014459,0.0159531
-0.0033643,0.001799,0.0159286
-0.0042082,0.0009684,0.0161133
-0.0037847,0.0007214,0.0149704
-0.0034459,0.0007061,0.0153408
-0.0034112,0.0004531,0.0167276
-0.0041041,0.0018592,0.0168684
-0.0026929,0.0017908,0.0157939
-0.0036286,0.0011673,0.0158143
-0.0042867,0.0014316,0.0150918
-0.0034918,8.16e-05,0.0152592
-0.0044724,0.0016265,0.0151776
-0.0045878,0.0016663,0.0155296
-0.0030531,0.0002939,0.0154
-0.0064551,0.0006408,0.0172214
-0.0048643,0.0022867,0.015499
-0.005448,0.0019112,0.0153724
-0.0043459,-0.0011816,0.0137969
-0.0039133,0.0005296,0.0144112
-0.0043306,0.0017122,0.0157459
-0.0021449,0.0020184,0.0170745
-0.0025214,0.0027806,0.0176745
-0.0045051,0.0023071,0.0192378
-0.0036459,0.0012194,0.0183031
-0.0025071,0.0001051,0.0153469
-0.0034582,-0.0008806,0.0144908
-0.0035255,0.0005776,0.015198
-0.0053122,0.0014418,0.0155102
-0.004702,0.0018878,0.0166163
-0.0045408,0.0016041,0.017
-0.003752,0.0008082,0.0158816
-0.004248,0.0004551,0.0154265
-0.0046153,0.002048,0.0156612
-0.0038908,0.0025449,0.0165643
-0.0037031,0.0022867,0.0178184
-0.0043276,0.0013765,0.0162929
-0.0050857,0.000899,0.0159806
-0.0044398,0.0013531,0.0151878
-0.00425,0.0010612,0.014751
-0.0034663,-0.0001622,0.0146
-0.0032571,0.0002143,0.0163816
-0.0035969,0.00015,0.0177653
-0.0032051,0.0005449,0.017599
-0.0042327,0.0013592,0.0172918
-0.003802,0.0012102,0.0163337
-0.0030551,0.0009837,0.0156663
-0.003249,0.0016153,0.0158561
-0.0026194,0.0011143,0.0148735
-0.0052378,0.0014153,0.0158276
-0.0048643,0.0019673,0.0169378
-0.0053204,0.0013571,0.0172867
-0.0046551,0.0010327,0.0148214
-0.0048724,0.0006929,0.0156704
-0.0050643,0.0014439,0.0164918
-0.0047204,0.0009102,0.0171929
-0.004852,0.0019969,0.0160327
-0.0050765,0.0018561,0.016601
-0.0039663,0.0009867,0.0157949
-0.004601,-0.0004888,0.0161806
-0.0045959,0.0016786,0.016351
-0.0041776,0.001798,0.0167061
-0.0024929,0.0001286,0.0142071
-0.003402,-9.2e-06,0.0156571
-0.0040327,0.0017582,0.0165327
-0.0029969,0.002701,0.0161224
-0.0022184,0.0022224,0.0163214
-0.002898,0.0009031,0.0172969
-0.0049643,0.001099,0.0169429
-0.0065418,0.0001439,0.0180122
-0.0052173,0.0007,0.0151337
-0.0043235,0.0002643,0.0141776
-0.004851,0.0016969,0.0164265
-0.0041571,0.0016857,0.0167724
-0.0042847,0.00045,0.0165643
-0.0033388,0.0005806,0.0160745
-0.0030796,0.0020704,0.0155827
-0.0035276,0.0024398,0.0160071
-0.0032908,0.0019357,0.0157582
-0.0022939,0.0017551,0.0167235
-0.0047071,0.0017347,0.0178133
-0.0048449,-6.94e-05,0.0157163
-0.0045755,0.000251,0.0154796
-0.0042276,0.0002582,0.0151418
-0.0039765,0.0001908,0.0157571
-0.0041378,0.0016867,0.0168561
-0.0043847,0.0009296,0.016701
-0.0042122,0.0006541,0.0169102
-0.0042122,0.0018143,0.0157878
-0.0035939,0.0015551,0.0154337
-0.0027143,0.0012276,0.0170449
-0.0044643,0.0010847,0.0179061
-0.0036245,0.0012316,0.016102
-0.0039592,0.0016929,0.0166245
-0.0050561,0.0017929,0.0161347
-0.0045796,0.0017571,0.0158061
-0.0040765,0.0007949,0.015751
-0.0041204,0.0008449,0.0160806
-0.0052806,0.0010949,0.0160806
-0.0045969,0.0013837,0.0154633
-0.0053163,-0.00085,0.0170673
-0.0068408,0.0015531,0.0184143
-0.0044449,0.0036418,0.0157245
-0.0042316,0.001399,0.0145837
-0.0017939,-0.0007459,0.0129153
-0.0026173,0.0011735,0.0178571
-0.0031541,0.002648,0.0189673
-0.0022898,0.0017163,0.0159051
-0.0040888,-3.88e-05,0.0174265
-0.0053694,-0.0002388,0.0163755
-0.0053612,0.0003684,0.0178316
-0.0045,0.0014337,0.0164316
-0.0028255,0.0014745,0.0146531
-0.0045929,0.0011143,0.0174102
-0.0051878,0.0018827,0.0172653
-0.0050612,0.0010796,0.0169806
-0.0038184,-0.0003449,0.0154776
-0.0025112,0.0010663,0.0162673
-0.0033622,0.0015449,0.0163898
-0.0045735,0.0023061,0.0159959
-0.0060827,0.0013786,0.0167561
-0.0048633,0.0011204,0.0170388
-0.0035367,0.0011316,0.0158735
-0.0031265,0.0001622,0.0161908
-0.0045867,0.00085,0.0146316
-0.0041939,0.0013898,0.0169429
-0.0051459,0.0027337,0.0171082
-0.0051265,0.0020122,0.0179796
-0.0042378,0.0016469,0.017001
-0.0037847,0.0005051,0.0154806
-0.0039888,0.0005969,0.0161469
-0.0034704,0.0003327,0.015752
-0.0034898,0.0012888,0.0168347
-0.0031653,0.0017959,0.017399
-0.0037204,0.0016449,0.0167459
-0.0036041,0.0011949,0.0168806
-0.0045918,0.0010694,0.0169092
-0.0046765,0.0011745,0.0167031
-0.002352,-0.0007133,0.015199
-0.0049786,0.0001133,0.0165429
-0.0065755,0.0028173,0.0179663
-0.0057724,0.0031122,0.0151673
-0.0025082,0.000302,0.0148643
-0.0028612,-0.0003327,0.0159071
-0.0034918,0.0016735,0.0174276
-0.0039153,0.0026857,0.0165755
-0.0037959,0.0021071,0.0161541
-0.0049378,0.0009306,0.0166378
-0.0054071,0.0008327,0.0163143
-0.0053327,0.0011163,0.0172061
-0.0048418,0.0006673,0.0164306
-0.003552,0.0007582,0.014998
-0.0041847,0.0020173,0.016199
-0.0046235,0.0018398,0.0169469
-0.0054561,0.0008235,0.017999
-0.0021031,6.63e-05,0.0162459
-0.0038143,0.0007959,0.015351
-0.0023806,0.0007347,0.0164704
-0.0051163,0.0020612,0.0160735
-0.0047357,0.0016245,0.0174337
-0.0038969,0.0009041,0.0157041
-0.0041357,0.0007071,0.0167541
-0.0049429,0.0007714,0.0160776
-0.0042235,0.0013612,0.0151541
-0.0040582,0.0009388,0.015499
-0.0032867,0.0003939,0.0157388
-0.0043224,0.0018112,0.0166959
-0.0039204,0.0028031,0.0162796
-0.0042745,0.0008531,0.016148
-0.0048,0.0011724,0.0153714
-0.0045776,0.0010837,0.0167694
-0.0036878,0.001198,0.0161827
-0.0041663,0.0007888,0.0154
-0.003151,0.001451,0.0152439
-0.0033153,0.0014143,0.0164439
-0.0047153,0.0011602,0.0168847
-0.0035347,0.0016837,0.0158837
-0.0039969,0.0023133,0.0167
-0.0036102,-0.0002092,0.0145602
-0.0053041,0.0005439,0.0162816
-0.0048878,0.0013408,0.0173265
-0.0032735,0.0007357,0.0154224
-0.0040204,-0.0003837,0.0144408
-0.0048337,0.0002571,0.0157571
-0.0049918,0.0022204,0.017048
-0.0038439,0.0027306,0.0164357
-0.0032633,0.0024316,0.0162214
-0.0043224,0.00085,0.0178908
-0.0038857,0.000201,0.0165786
-0.00385,0.0010122,0.0163439
-0.0036806,0.0005112,0.0147061
-0.0040643,0.0004684,0.0156235
-0.0048704,0.0005031,0.0166939
-0.0051337,0.0018735,0.0171398
-0.0044724,0.0015878,0.0164398
-0.0034816,0.0010265,0.01545
-0.0026388,0.0016429,0.0150959
-0.0034214,0.0024173,0.0160408
-0.0035306,0.0017286,0.0157459
-0.0035102,0.000251,0.0162745
-0.0048755,0.0015663,0.0163571
-0.0050704,0.0016367,0.0161571
-0.0036929,0.0016153,0.0159929
-0.0043878,0.0010704,0.0158173
-0.0042684,-0.0001031,0.0157776
-0.0045765,0.0005347,0.0160378
-0.0040337,0.0005571,0.0167969
-0.0033786,0.0020622,0.0171816
-0.0037265,0.0022367,0.0165194
-0.0039888,0.0007827,0.0162061
-0.0042816,0.0011704,0.0161276
-0.003902,0.000848,0.016401
-0.0036102,0.0013398,0.017102
-0.0042102,0.001001,0.0148694
-0.0050143,0.0012327,0.0163041
-0.0036357,0.0005816,0.0158724
-0.0046051,0.0011735,0.0161337
-0.0042602,0.0008224,0.0169031
-0.0041878,0.0024918,0.0167388
-0.0041367,0.0008776,0.0162153
-0.0054592,-0.0013214,0.0179704
-0.0048306,0.0022204,0.0179102
-0.0040112,0.003149,0.0167265
-0.0020276,-0.0007367,0.0136755
-0.0020969,-0.0008643,0.0140071
-0.0041224,0.0023224,0.0178765
-0.0044388,0.0031765,0.0184122
-0.0042714,0.0006684,0.0178071
-0.0051398,0.0001357,0.0178388
-0.0068327,0.0007663,0.018199
-0.0052347,0.0005347,0.0164265
-0.0039582,0.0010429,0.0157337
-0.0039367,0.0011582,0.0161929
-0.0044551,0.0005347,0.018651
-0.0054194,0.0026265,0.0203449
-0.0044378,0.0019296,0.0179418
-0.0033622,0.0009408,0.0157388
-0.0035031,0.0024316,0.0163745
-0.0036316,0.0022612,0.0189531
-0.0041561,0.0017031,0.0180582
-0.0043337,0.001151,0.0174827
-0.0048214,0.0013133,0.0175316
-0.0048265,0.0010959,0.0168878
-0.0036122,-0.0005755,0.0162776
-0.0039898,0.0003796,0.0175245
-0.0043816,0.0008816,0.0174071
-0.0053143,0.0014102,0.0185796
-0.0056459,0.0015276,0.0186418
-0.0050204,0.0019255,0.0173316
-0.0037367,0.0019735,0.0179092
-0.0049633,0.0014908,0.0171724
-0.0035806,0.0016888,0.017751
-0.0046541,0.000602,0.0160245
-0.0050704,0.000902,0.0179918
-0.0035857,0.0015327,0.0181184
-0.0043296,0.0014837,0.0170316
-0.0027061,8.88e-05,0.0174949
-0.0046704,0.0012561,0.0178684
-0.0040806,0.0009276,0.0180867
-0.0047439,-0.0001255,0.0191531
-0.0075153,0.0013551,0.0183663
-0.0057214,0.0041143,0.0174857
-0.0027112,0.0012214,0.0144612
-0.0029745,-6.02e-05,0.0157469
-0.0031153,0.001249,0.0193102
-0.0045633,0.0020888,0.0197459
-0.0046469,0.00135,0.0172643
-0.005601,0.0003449,0.0185429
-0.0058439,1.73e-05,0.0178214
-0.0058602,-0.0006582,0.0176592
-0.0038714,0.0003051,0.0172694
-0.0048235,0.0018194,0.0158388
-0.0051888,0.002201,0.0166694
-0.0052469,0.0033122,0.0190265
-0.0051469,0.0032592,0.018899
-0.0034561,0.0011061,0.0181265
-0.0035449,0.0010765,0.0171388
-0.0033592,0.0008918,0.0182653
-0.0055276,0.0017316,0.0182878
-0.0041724,0.001448,0.0183816
-0.0025561,0.0011663,0.0177367
-0.0047592,-0.0001643,0.0178776
-0.0051357,0.0009612,0.0179092
-0.0036949,0.0006571,0.0178153
-0.0037633,0.0007541,0.0178418
-0.0044133,0.0009857,0.0174878
-0.0044378,0.0016071,0.0173745
-0.0050949,0.0025827,0.0182735
-0.005701,0.0020735,0.0178469
-0.0046663,0.0016673,0.0177133
-0.0042306,0.0019918,0.0171531
-0.0046388,0.0010061,0.0165265
-0.0042469,0.0002622,0.0170357
-0.0042378,0.001401,0.0174582
-0.0044816,0.0012592,0.0183296
-0.0042765,0.0011214,0.0175745
-0.0046765,0.0025051,0.0174327
-0.0033173,0.0004827,0.0174082
-0.0052122,-0.0004857,0.0178378
-0.0052571,0.001901,0.0187102
-0.0038949,0.002199,0.0179286
-0.0035327,-0.0008367,0.015749
-0.003598,-0.0002327,0.0161439
-0.0046592,0.001848,0.0177857
-0.0046,0.0025857,0.0178541
-0.0045398,0.0023796,0.018248
-0.0042714,0.0006633,0.0183367
-0.0049224,0.0006255,0.0182592
-0.0049663,0.0003122,0.0176122
-0.0060796,0.0009092,0.0168531
-0.0048235,0.000398,0.0163133
-0.0046418,0.0012418,0.0165459
-0.0048939,0.0030959,0.0179204
-0.0038847,0.001501,0.016952
-0.0044378,0.0008,0.0171837
-0.0040551,0.0011663,0.0174918
-0.0041857,0.0027429,0.0181347
-0.0038878,0.0022816,0.0175265
-0.004349,0.0006806,0.0174367
-0.0052276,0.0009673,0.0174408
-0.0049867,0.0009235,0.0174847
-0.0041714,0.0009796,0.0179286
-0.0026653,0.0009643,0.0164531
-0.003498,0.0013888,0.0174122
-0.0036102,0.0012827,0.0169031
-0.0046163,0.001,0.017552
-0.0050133,0.0008122,0.0183265
-0.0044255,0.0017418,0.017849
-0.003599,0.0007776,0.0174061
-0.0047296,0.0007184,0.0159061
-0.005852,0.0018122,0.0184296
-0.0053714,0.001798,0.0181367
-0.0046286,0.0017214,0.0169969
-0.0037235,0.0017469,0.0164296
-0.0034418,0.0003214,0.0172857
-0.0036857,0.0007694,0.0179327
-0.0045469,0.0022398,0.0176867
-0.0040143,0.0013143,0.0165745
-0.0040878,-0.0003959,0.0163367
-0.0046633,0.000599,0.017151
-0.0049041,0.0020051,0.0176908
-0.0034653,0.0010531,0.0166745
-0.0039633,1.33e-05,0.0145112
-0.004399,-0.000248,0.0170286
-0.0051327,0.0020949,0.0171122
-0.0043418,0.0029245,0.0147878
-0.0052969,0.0028469,0.0166918
-0.0053378,0.0009357,0.0173296
-0.0046582,0.0005061,0.0167439
-0.0050143,0.0003276,0.0151837
-0.0045286,0.0003357,0.0147469
-0.003902,0.0010286,0.0148388
-0.0045194,0.0017612,0.0176867
-0.0051551,0.0018255,0.0175541
-0.0048143,0.0015857,0.0159582
-0.0034571,0.0016337,0.0144133
-0.0024337,0.0027071,0.0152143
-0.0026418,0.0014286,0.0158908
-0.0028867,0.0018592,0.0168102
-0.0040143,0.0020694,0.0157541
-0.0047235,0.0011714,0.0154418
-0.0049796,0.0010071,0.0158959
-0.0040602,0.0002786,0.0148316
-0.0051408,5.82e-05,0.0159255
-0.0044153,1e-06,0.0159827
-0.0032663,0.00065,0.0151214
-0.003452,0.0013653,0.0149276
-0.0033031,0.0001204,0.0143163
-0.0026796,0.0006867,0.0152551
-0.0030724,0.0007959,0.0151704
-0.0028092,0.0013755,0.0139806
-0.002849,0.0015663,0.0157571
-0.0031969,0.0020031,0.0153255
-0.0039469,0.0021306,0.0154265
-0.0056224,0.0010194,0.0144357
-0.0045765,0.0002571,0.0143306
-0.0037704,-0.0007602,0.0150194
-0.0038918,4.08e-05,0.0150531
-0.0038459,0.0016551,0.0148337
-0.0047357,0.00165,0.0151388
-0.0063133,-0.0005071,0.0150867
-0.0052418,0.00265,0.0178622
-0.0034969,0.0037204,0.0153367
-0.0016776,0.0007582,0.0114224
-0.0014265,0.0001592,0.0138898
-0.0028806,0.0021592,0.0164653
-0.0028673,0.0019847,0.0166265
-0.0027041,0.0011092,0.0155582
-0.0054173,-0.0001286,0.0163327
-0.0061745,-0.0011051,0.0168592
-0.0048776,0.0001449,0.0153316
-0.0049622,3.47e-05,0.0148704
-0.0041796,0.0015582,0.0140857
-0.0039327,0.0004429,0.016502
-0.0046143,0.0025684,0.0176449
-0.0049255,0.0016694,0.0167357
-0.0023184,0.0017531,0.0140449
-0.0011327,0.0017704,0.0153694
-0.0025776,0.0024163,0.0170837
-0.0036255,0.0018224,0.0158694
-0.0045,0.0017224,0.0177194
-0.0046102,0.0003276,0.0153276
-0.005651,-0.0003051,0.0152561
-0.0056531,0.0004031,0.0150827
-0.0056173,0.0002673,0.0139286
-0.0055082,0.0017143,0.0145673
-0.0054714,0.0016827,0.0162622
-0.0041765,0.0011214,0.0176327
-0.0030531,0.0018449,0.0161816
-0.002551,0.0007469,0.0158347
-0.0028857,0.0013939,0.0155306
-0.0028714,0.0005898,0.0157153
-0.0036449,0.0004776,0.0158857
-0.0030724,0.0012061,0.0155224
-0.0033398,0.0012153,0.0155755
-0.0036551,0.0013122,0.0150316
-0.0040582,0.0003531,0.015598
-0.0039071,0.0009031,0.0165398
-0.0050327,0.0017194,0.0153888
-0.0052786,-0.0008122,0.0158408
-0.0048153,0.0014163,0.0173847
-0.0055439,0.0033714,0.016098
-0.003698,0.0001847,0.0129531
-0.0027561,-0.0002602,0.0135755
-0.0034071,0.0015939,0.0167878
-0.005498,0.0010571,0.0190561
-0.0054816,0.0045378,0.0187204
-0.005698,0.0067806,0.0182694
-0.0047806,0.0065214,0.0140816
-0.0042571,0.0042735,0.0151133
-0.0058224,0.0024255,0.024101
-0.0007122,0.0028398,0.0163592
0.0030357,-0.0005245,0.0059898
0.0021265,-0.005951,0.0017429
0.0024857,-0.0014602,0.0105694
0.0001541,-0.0091276,0.003498
0.0102878,-0.0120816,-0.0083255
0.0091612,-0.0163908,-0.0200633
0.0040112,-0.001952,-0.0014663
0.0065724,0.0093071,-0.0008357
0.0775918,-0.0016224,0.0542
-0.0290622,0.0135765,0.0213776
-0.0447959,0.0133367,0.0440694
-0.0224969,0.0125673,0.0235837
-0.0132755,0.0020367,0.0086898
-0.043101,-0.0014602,0.0090296
-0.0108765,-0.0002112,0.0179745
-0.0178735,-0.0016888,0.0365786
-0.0123306,-0.0046531,-0.0115724
-0.0224765,0.0022408,0.0095276
-0.0183214,0.0074347,0.0079184
-0.009849,0.0022041,0.0089653
-0.007798,-0.0014153,0.0091092
-0.0009235,-0.008849,0.0045102
0.002502,-0.0174582,-0.0046031
0.0075061,-0.0162898,-0.0106969
0.013301,-0.0074684,0.0132102
0.0133449,-0.0010531,0.0328265
0.0075378,0.0033755,0.0275878
0.0267949,-0.0142429,0.0039643
-0.0096347,0.0212796,-0.0121602
0.0210704,-0.0148888,0.0063592
0.0208316,-0.0288306,0.0134408
0.0114184,-0.0540235,0.069599
-0.0076612,-0.0290133,-0.0405857
-0.0391051,-0.0102724,0.03485
0.019749,0.0597888,-0.0099327
-0.0156939,0.0779837,-0.0455878
0.00415,0.0010929,0.0057633
0.0544051,0.0208061,-0.0097459
-0.0428633,0.0952643,0.0256643
-0.0614296,-0.0637378,0.0965347
-0.007202,-0.0129357,0.0089643
0.0326827,0.0237143,-0.0527673
0.0331929,-0.0347663,-0.0294224
-0.0461051,-0.0540939,0.0650398
-0.044099,0.0110265,0.0301449
-0.0558082,-0.039352,0.0250827
0.0188388,-0.0636663,0.0209082
-0.0927051,0.0286388,0.0916031
-0.0206582,0.1096122,-0.0957224
-0.033402,0.0206398,0.0641663
-0.0175622,0.0163367,0.0061602
0.0284337,-0.0491673,0.0290173
0.0308173,-0.0577908,-0.1143347
0.0069898,0.0538224,0.0096684
-0.1033888,0.0806388,0.1279224
0.0118908,0.0002939,0.0432541
0.0651092,0.0243153,-0.0646837
0.0465418,0.062048,-0.0431306
0.0507082,-0.0439806,0.085202
0.0251867,-0.0256429,0.0250765
-0.0131235,0.0348939,-0.0109316
-0.0814418,-0.0006786,0.0960898
-0.0528041,0.060649,-0.0638061
-0.004599,-0.056952,-0.0004592
-0.0736561,0.0009367,0.0203378
-0.090049,0.0896265,-0.015351
-0.0082888,0.007751,-0.0655112
0.019349,-0.0456704,0.0254786
-0.0828694,0.0061949,0.0921582
-0.042948,0.0241051,0.0047806
-0.0044602,0.0150898,0.0266194
-0.0429082,0.0486143,0.1004837
-0.0084653,0.0073735,0.0431908
0.1360327,-0.0324194,-0.041048
0.0890255,-0.1082908,-0.0283673
-0.0517857,0.0088031,0.0096388
-0.0621684,-0.030251,-0.1186745
-0.0534694,0.0421327,0.0842173
-0.04905,0.0731714,0.0768347
0.0298286,-0.0403561,0.0312061
0.0168,-0.0757612,0.0177571
-0.0231224,0.0215418,-0.0042347
-0.01095,0.0117163,-0.0058255
-0.0192469,0.0201153,0.0142306
0.0395173,-0.0116673,-0.0207561
0.0304551,-0.0213765,-0.0289735
-0.0236153,0.0835367,0.0473439
-0.0519806,0.0505459,0.0395704
-0.0440306,-0.0060316,0.0198071
0.0122908,-0.0312867,-0.0487857
0.0223316,0.0421969,-0.0314439
-0.0382112,0.0334561,0.0275408
-0.0656316,0.0182602,0.0475337
-0.0094469,-0.0086643,0.0290469
-0.0333694,0.0034224,0.0057112
-0.0127571,0.0185571,0.033901
-0.0139031,0.0144704,0.0466235
-0.0168633,0.0261959,0.0234602
0.0577888,-0.0018316,-0.0046663
0.0251276,0.0037429,0.0104929
-0.0288306,-0.0238592,0.0130755
0.1382745,-0.0900704,0.062698
0.1086061,-0.1099204,0.0399806
-0.1683378,0.0789255,0.0052959
-0.10225,0.1001153,-0.0151245
-0.0481306,-0.0041847,-0.0256898
0.0053347,-0.0075531,-0.0008051
0.0382663,0.0069092,0.0204296
-0.0068531,-0.0150602,0.0093888
-0.0610184,-0.0163429,-0.0037235
-0.0750327,0.0181888,0.0762888
-0.0274959,0.0253765,-0.0185837
0.0275071,-0.0090867,-0.0197296
0.0264745,0.0115724,0.0075133
0.0200602,0.0660643,0.0231327
-0.0048694,0.0945653,0.0213531
0.0225735,-0.0035612,0.0080378
-0.020249,-0.0569388,0.0576755
-0.1042378,-0.1377969,0.0305173
0.0095551,-0.0497816,0.0184051
0.0641133,0.0631235,-0.0388653
0.0769684,0.1766847,0.0141214
0.0804235,-0.0037622,0.0611235
0.1001122,-0.1400224,0.0040684
-0.0453306,-0.1055643,0.0107745
-0.0922337,0.009051,0.0198684
-0.1180214,0.232648,0.0613327
-0.1767888,0.1858837,0.0652959
-0.0832765,0.048901,-0.0185939
0.117499,-0.0845755,0.0139867
0.1868163,-0.2290214,-0.0074449
0.2035857,-0.3854724,-0.0712724
0.0168276,-0.012952,-0.0204571
-0.0260306,0.0526622,0.0466367
-0.0815286,0.0307663,0.0209867
-0.0548143,0.0168092,0.0371041
-0.0040153,0.0157786,0.0074531
0.003752,0.0159786,0.0125398
0.0126357,0.0071551,0.0146714
-0.0079765,0.0165541,0.0309296
-0.0188847,-0.0038204,0.0109867
-0.027802,-0.0146653,0.0119949
-0.0564898,-0.0120316,0.0196714
-0.051998,-0.0215061,0.0113327
-0.0205194,-0.051552,-0.0093571
-0.0084714,-0.0308571,0.020252
0.0568796,-0.069751,0.0051827
0.0838061,-0.0920133,-0.0122776
0.0182071,-0.0903092,0.0027857
-0.0225857,-0.1424051,-0.0042847
-0.1105337,-0.0401041,0.0131714
-0.0468857,0.1700898,0.0488173
0.1063224,0.2779429,0.0134776
0.0940133,0.1939378,0.0345786
0.0402194,0.0971082,0.0166949
0.0169214,0.0840959,-0.0154602
-0.0431102,-0.0174122,0.0137898
-0.0511582,-0.0779898,0.0079827
0.0024041,-0.0114133,-0.0205051
0.0609745,0.0091806,-0.0625255
-0.000698,0.0215051,-0.0296765
-0.0685327,0.0786,0.1103469
-0.0365459,0.1476224,0.0583112
-0.0116898,-0.0270653,-0.0156602
-0.0816898,-0.0470092,-0.0213163
-0.0291531,-0.0193612,-0.0144694
-0.00475,-0.0730459,0.0407378
-0.0384735,-0.0449653,-0.0249306
0.0141643,-0.003648,0.0006102
-0.122852,0.0426673,-0.0473469
-0.0535327,0.1478776,0.1158061
0.1505418,0.0563888,0.1245184
0.1738388,-0.0752571,0.038148
0.1037531,-0.1398551,0.0054296
-0.0316,0.016999,-0.078201
-0.0241663,-0.0209082,0.0769755
-0.0176735,0.0278347,0.0569286
0.010002,0.0035786,-0.005898
0.0155469,-0.015899,-0.0065541
-0.0353327,-0.0702541,-0.0188776
-0.0406612,-0.0783939,-0.0404847
-0.0483602,-0.0559245,-0.0466367
-0.0084306,-0.0283714,0.0263816
-0.0172388,-0.1222622,0.0562459
-0.0392592,-0.1610041,0.0734582
-0.0140582,-0.1224,0.0139276
0.1631612,0.0382327,-0.0291204
0.2435143,-0.1844806,0.0994459
0.0334786,-0.2065878,0.1411276
-0.0362571,0.2572306,-0.2591265
0.1135122,0.337348,-0.0919071
0.0793531,-0.1846418,-0.0678245
-0.3931765,0.3750173,0.3660449
0.0711878,0.2015959,-0.0159133
0.027599,-0.3954561,0.1723908
-0.5043133,-0.3601612,-0.2535133
-0.1545694,0.492299,-0.0372286
0.1855214,0.5064908,-0.1123622
0.3918704,0.4062633,0.0417459
0.2856949,0.4899612,0.0217704
-0.0089082,0.3422724,-0.0198837
-0.0803878,0.2748286,-0.134501
-0.0962245,0.2170888,-0.0221122
0.1236153,0.1666694,-0.0583837
0.1761418,0.1379786,-0.0024847
-0.1609898,-0.1804888,-0.0293857
-0.3758959,-0.3756265,0.0644449
-0.0031724,-0.2853122,0.0581602
0.2951061,-0.1287357,0.1570102
0.1880122,-0.165201,0.0692949
0.0280245,-0.08645,0.0040194
-0.0648622,-0.0118561,-0.0051888
0.0299929,-0.1424224,0.0719408
0.0900388,-0.1248439,-0.0279286
0.0741092,-0.0434796,-0.0362286
0.0384439,-0.0591439,-0.1268306
-0.021649,0.0587765,0.022052
-0.0839051,-0.3326571,-0.1414582
-0.2749255,-0.5901337,-0.038848
-0.1216786,-0.2055745,0.4209245
0.0027837,-0.0478439,-0.0663061
0.1547173,-0.0098082,-0.0184949
0.2199459,0.0217133,0.2038122
0.3935255,0.1217235,-0.2437653
0.1946653,0.4666724,-0.042851
-0.1646724,0.2719112,0.0778255
0.0428694,-0.2181949,-0.1745939
0.0893163,-0.4736184,-0.2780163
0.1964378,-0.3928276,0.4744337
0.3471459,-0.2918041,-0.3389969
0.8033959,-0.2717398,-1.4093133
0.5270959,0.1347704,-0.5545561
0.7223061,0.2889041,-0.1496184
0.6990286,0.080001,-0.1034418
0.4082173,0.0543316,-0.0284796
0.1866296,0.1866337,-0.0886378
-0.0447133,0.24215,-0.0747929
-0.371599,0.249952,0.1057306
-0.4805776,0.2467,0.2743643
-0.4580102,0.1667133,0.2891347
-0.4899745,0.1210653,0.1825418
-0.5220918,0.0247122,0.0302582
-0.4841122,-0.0621061,-0.091052
-0.3753969,-0.1124469,-0.1565816
-0.1441102,-0.1152878,-0.1225673
0.0709204,-0.0563612,-0.0714173
0.1170327,-0.0211571,-0.0299806
0.1543929,0.0321653,0.051349
0.2027888,0.0762194,0.0469918
0.1776306,0.0429327,-0.0498684
0.1502235,-0.030249,-0.1369602
0.1383265,-0.0763724,-0.1563133
0.1334969,-0.0686561,-0.1391653
0.155902,-0.0408694,-0.1069592
0.1536755,-0.0190133,-0.1049847
0.1474367,-0.0527347,-0.1473112
0.1637612,-0.0973051,-0.2027102
0.1717908,-0.1368857,-0.2213735
0.4369337,-0.1850347,-0.0882571
1.9818327,-0.4509837,0.8321612
0.4288153,0.0218306,-0.3171653
0.1314592,0.1768429,-0.414699
0.1255694,0.0920173,-0.4771847
-0.020348,-0.0503194,-0.1658806
-0.0075582,-0.2251745,-0.0288765
0.0516806,-0.2162214,0.1704908
0.1555694,-0.2000214,0.1076867
0.1898806,-0.1297878,-0.1214643
0.1571643,-0.0249929,-0.2005867
0.0164143,0.0715184,-0.1518143
-0.036848,0.0641796,0.0085541
0.0030357,-0.0007643,0.1117561
-0.0099276,-0.0465398,-0.0026612
0.0945612,-0.0388031,-0.4801592
0.1977,-0.0455878,0.2964296
0.0890469,0.0140724,0.3144286
-0.0483122,0.085949,0.1155878
-0.1236143,0.0507286,-0.2802449
