accx,accy,accz
-0.0472765,0.0319816,-0.1290071
-0.0006204,-0.0214408,0.0771765
0.0486561,0.0132786,0.3294857
0.0421194,0.0383571,0.1626959
0.0217194,0.0098704,-0.0468847
0.0009235,0.0120837,-0.096798
-0.0134429,0.0216265,-0.0297173
-0.0087449,0.0166378,-0.0054724
-0.0139816,0.0207694,0.0340969
-0.0292133,0.0270908,0.0172276
-0.0246367,0.0184388,-0.0241816
-0.0042316,-0.0126724,-0.0159
0.0041388,-0.0160214,0.017452
-0.0049602,-0.0021051,0.0063847
0.0083449,-0.0050378,-0.0085143
0.0017337,-0.0014694,-0.0029592
-0.0062776,0.0049673,0.0237153
-0.0050551,0.0005776,0.0274531
0.0027939,0.0085153,-0.0066408
0.0142806,0.0169061,0.005151
0.0114296,0.0009214,-0.0200286
0.0145347,-0.002198,-0.0615694
0.0166357,0.000698,-0.0643561
0.0206776,0.0208755,0.0625286
0.0030133,0.0467469,0.1290327
0.0385143,-0.0123082,0.064498
0.0608653,-0.040801,-0.0501857
0.0323878,-0.0262214,-0.1069673
-0.0143653,0.0333337,0.0500184
-0.0101153,0.0536847,0.1387622
-0.0158714,0.0225051,0.1053367
-0.00635,-0.0249265,0.0216602
-0.022199,-0.020699,0.045698
-0.0522724,0.0375959,0.1559092
-0.0473806,0.0485653,0.1371357
-0.0097398,-0.0262418,0.0407602
-0.001252,-0.0535724,0.0533908
-0.0112051,-0.0315969,0.1331357
-0.0270388,-0.0082673,0.0943643
-0.0118929,-0.0130653,0.0099827
0.0278071,-0.0336847,-0.0459041
0.0238133,-0.0276898,-0.0418592
0.0014918,0.0077235,-0.0353582
-0.0062316,0.0328908,-0.0206673
-0.0073173,0.0190327,-0.0095173
-0.019152,-0.0122316,-0.0242418
-0.011449,-0.0222612,-0.0128388
0.0121071,-0.016599,0.0065765
0.0191,0.0004255,-0.0278102
0.0177133,0.0089194,-0.4588582
0.018002,0.0118439,0.3714327
0.0473194,0.0061439,0.3838031
-0.0495929,0.0017296,0.0278704
-0.0051398,0.0232673,-0.424652
-0.0589878,0.057449,1.0074173
0.3040429,0.0248837,0.720452
0.1738071,-0.0052255,0.3288622
0.101802,0.024998,-0.2480755
0.024599,0.0831755,-0.4987102
0.2050796,-0.0159143,-0.2801541
0.2770643,-0.0784184,0.0484449
0.0999388,-0.0270714,0.1279867
-0.0301602,0.0101143,0.07765
0.036349,0.0007082,0.0084418
0.0732541,-0.0122531,0.0055582
0.0076082,-0.0071582,0.0259235
0.0041418,0.0092612,-0.0250612
0.0783837,0.0113653,-0.0291673
0.1205031,-0.0095204,0.0242316
0.0584082,-0.0057347,0.0420776
-0.0087459,0.0430755,0.0204969
0.0164867,0.034099,-0.0537929
0.045351,0.0136908,-0.0998296
0.063902,-0.0096112,-0.0627653
0.006702,0.0078867,-0.0280898
-0.0149398,0.0111469,-0.0250776
-0.0480439,0.0068051,0.0106143
-0.03045,0.0256184,0.1837204
0.015849,0.0248918,0.1400755
0.0166602,-0.0077031,-0.0500133
0.0523633,-0.0236551,-0.1285857
0.0258184,-0.02785,0.0800776
-0.0170827,0.0060122,-0.0473245
-0.0457959,0.0250194,-0.1263357
0.0143194,-0.0237224,0.1586245
0.0497755,0.0248337,0.319799
0.0384847,0.0329918,0.1118592
0.0182245,0.0076204,-0.0697224
-0.00415,0.0150929,-0.0875255
-0.0126204,0.0209112,-0.0205245
-0.0084694,0.0165571,0.0005327
-0.0179694,0.0228541,0.038852
-0.0294561,0.026099,0.0052224
-0.0213439,0.0143633,-0.0251602
-0.0004265,-0.0178602,-0.0107122
0.0017622,-0.0121541,0.0218561
-0.0033133,-0.0015224,-0.0010663
0.009049,-0.005648,-0.0065418
-0.0003765,0.0001755,-0.0009694
-0.0067112,0.004602,0.0291633
-0.0045316,0.0011398,0.020849
0.005902,0.0107224,-0.0071612
0.0140684,0.0155357,0.0053837
0.0115112,-0.0019102,-0.0308184
0.0154653,-0.0011806,-0.0658357
0.0175429,0.002652,-0.0521173
0.014949,0.0298878,0.0913429
0.010548,0.0391816,0.1250673
0.0435143,-0.0231929,0.0387347
0.0614949,-0.0416041,-0.0666459
0.0193163,-0.0165286,-0.0929622
-0.0147388,0.0431439,0.081948
-0.0109878,0.0512582,0.1402592
-0.0156245,0.0119571,0.0865918
-0.0054041,-0.0299092,0.0159582
-0.0295327,-0.0123531,0.0636031
-0.0543531,0.0494265,0.1711857
-0.0412582,0.0353531,0.1144714
-0.0042541,-0.0369245,0.0331684
-0.00355,-0.051799,0.0699959
-0.0137316,-0.0253592,0.136152
-0.0285653,-0.0065469,0.0774633
-0.0031459,-0.0176357,-0.0060857
0.0314459,-0.0355551,-0.0480235
0.0183796,-0.0223633,-0.0395378
-0.0003041,0.0153194,-0.0357
-0.0072602,0.0335531,-0.0129776
-0.0084235,0.0123071,-0.0142592
-0.0201296,-0.0164949,-0.0231908
-0.0073806,-0.0218306,-0.0069286
0.0159082,-0.0141102,0.0027133
0.0127255,0.0074439,-0.0479265
0.0190245,0.0065694,-0.4129143
0.0336276,0.012851,0.4409969
0.027101,0.0028041,0.331599
-0.0553286,0.0023592,-0.0539378
-0.0495714,0.008548,-0.2715306
-0.0249194,-0.0048184,-0.1665816
0.0245694,-0.0017908,0.1076224
0.0411918,-0.0006612,0.1926571
0.026498,-0.0155857,0.0639633
0.0203082,-0.0345143,-0.0288276
0.0065235,-0.0197418,-0.0256653
0.0029133,0.0060867,0.0349949
-0.0114939,0.0280367,0.03675
-0.0108694,0.0458245,0.026748
-0.0087327,0.0455449,0.0169
-0.0036959,0.0287071,0.004948
-0.00685,0.0101388,0.0131806
0.0029827,-0.0019888,0.0243153
0.0043643,-0.0076602,-0.0036908
0.0081878,-0.0066041,0.0052439
-0.0013684,-0.0061163,0.0017827
-0.0009724,-0.0074724,-0.0149929
0.0054122,-0.0035745,0.018849
0.0016418,0.0048245,0.0380367
0.0079429,0.0001704,-0.0061765
0.0121612,-0.0015133,-0.0312847
0.0150898,0.0026092,-4.29e-05
0.0098776,-0.0032612,0.01065
0.002951,-0.0058265,0.0227755
-0.0004806,-0.012651,0.0441276
-0.0017327,-0.0011092,0.0622776
-0.0081551,0.0216163,0.0790827
0.0144245,0.0343918,0.0523194
-0.0088112,0.0277439,0.0342776
0.0151714,0.0052316,0.0122918
0.0043592,-0.0143357,0.0045337
0.0002276,-0.0207327,0.0082786
0.0163173,-0.0144204,0.0026398
0.0100214,-0.0131908,-0.040999
0.0041316,0.0044541,-0.0519122
0.0159633,0.0222071,-0.0201276
0.0100337,0.0369378,0.0301898
0.0097704,0.0302184,-0.0222531
0.0295959,-0.024648,-0.1097459
0.0047704,-0.1041622,-0.066352
-0.0182316,-0.096002,0.08395
-0.0076296,-0.0352745,0.1924204
-0.0044265,0.0205224,0.0853663
-0.0046347,0.0597112,-0.0390163
-0.0102133,0.0713602,-0.0741827
-0.0172051,0.05125,-0.0546806
-0.0153153,0.0209684,-0.0275102
-0.0083122,-0.0201204,0.0074541
-0.0282102,-0.0359153,0.0308327
-0.01555,-0.0351653,-0.0186898
-0.0166684,-0.0122796,-0.0710643
-0.0199745,0.0186408,-0.1015296
-0.0017276,0.0214051,-0.1254939
-0.0106827,0.0109102,-0.104399
0.0147112,-0.0144082,-0.101899
0.0167418,-0.0270735,-0.1337959
0.0182959,-0.0145357,-0.1191102
-0.0150918,0.0352296,0.0129235
-0.0712755,0.0924531,0.0072102
-0.0947061,0.1105163,-0.0795918
-0.0870367,0.0339388,0.1969776
0.0615622,-0.0907122,0.2727255
0.0868735,-0.103851,0.1078776
0.0666653,-0.0482143,0.0131867
0.0719959,-0.0115316,0.102452
0.0310776,-0.0204,0.1455347
0.0157806,-0.0420388,0.0017724
0.0433939,-0.0492643,-0.0420622
-0.0007143,0.0103908,-0.0648622
-0.0576633,0.0963378,-0.0703561
-0.0288765,0.1146745,-0.0106439
-0.0366571,0.1159878,-0.0133449
-0.0238,0.1063857,-0.0151959
-0.0705469,0.1076673,0.0521163
-0.0935316,0.0606388,0.1329571
-0.09995,-0.0847204,0.2386235
-0.0992122,-0.1864102,0.2463898
-0.0291694,-0.1749837,0.0745133
-0.0167694,-0.1214582,-4.59e-05
-0.0318092,-0.0737378,-0.0671847
0.0115143,-0.0725327,-0.1141408
0.0490204,-0.0576224,-0.1077735
0.0754245,-0.0474806,-0.0755469
0.0847531,-0.0476398,-0.0866296
0.0586633,-0.0360224,-0.0490582
0.0331,-0.0483847,0.046849
0.0336398,-0.0841327,0.118648
0.0353704,-0.0985224,0.1472133
0.0404276,-0.0744949,0.1486367
0.0303092,-0.0349367,0.1340408
0.0209969,0.0172888,0.1038408
-0.0257133,0.0827786,0.0773918
-0.0403102,0.1258122,0.0617204
-0.0400898,0.1254469,0.0805265
-0.0421224,0.0882276,0.0743551
-0.0448959,0.0504653,0.0521
-0.0373153,0.0189867,0.0415541
-0.0286429,-0.0019888,0.0525571
-0.0310551,-0.0031786,0.0604235
-0.0090561,-0.0161531,0.0273908
-0.0015653,-0.044548,0.0110163
0.0200714,-0.0821398,0.0154776
0.0360878,-0.1017163,0.0273459
0.0482194,-0.1131592,0.0427827
0.0524898,-0.1249214,0.0291796
0.0353724,-0.1357776,0.0110306
0.0325857,-0.1435847,-0.0057337
0.013298,-0.1645694,-0.0429071
-0.0105347,-0.1906143,-0.1283061
0.0115949,-0.2001663,-0.2139816
0.0252918,-0.1889265,-0.2051969
0.0360398,-0.1626786,-0.0912724
0.0362673,-0.1215408,-0.0208694
0.0648551,-0.1087378,0.0167888
-0.1953867,0.7111082,-0.0023857
-0.0915224,1.0532367,0.200802
0.2826347,0.1223612,-0.6093418
0.091898,-0.2825408,0.4679847
0.0322071,-0.2132745,0.2451378
-0.1844837,-0.0221235,0.4269235
-0.2002735,0.1786582,0.0532796
-0.2944622,0.2686204,-0.2633041
-0.3383286,0.3401745,-0.1289714
-0.1578,0.3889357,-0.137702
-0.0448714,0.5039663,-0.239998
-0.0339265,0.5248327,-0.191798
-0.0439286,0.4781296,-0.0042786
-0.2496969,0.5087429,0.068848
-0.3574388,0.4593847,-0.1218531
-0.0015755,0.2869724,-0.2992673
0.2899643,0.3122663,-0.4944143
0.1521898,0.2424898,-0.302549
-0.033949,0.0252714,-0.0541112
-0.008251,-0.2536592,0.0478449
0.0297684,-0.6320265,0.3177969
0.0562918,-0.9470939,0.4167602
0.3153418,-1.0572878,0.4496286
0.2873837,-0.9168602,0.3188551
0.1771796,-0.685698,0.2003541
0.1981439,-0.452701,0.2330224
0.3365561,-0.1504765,0.2115612
0.3670306,0.2116857,0.1510949
0.4071898,0.3541418,0.1428316
0.3234469,0.4977714,0.203448
0.24895,0.4673071,0.0051602
0.0188939,0.3322327,-0.0478806
-0.1188449,0.1643612,-0.0710816
-0.1061214,0.0701,-0.151051
-0.081051,-0.1159959,-0.0365112
-0.1440602,-0.2000969,-0.0361449
-0.0569061,-0.2901786,0.1557714
-0.0246673,-0.2509582,0.2212398
-0.0501878,-0.1917918,0.0608806
-0.0553745,-0.111551,0.005252
-0.0190571,-0.1039306,-0.0598837
-0.0290092,-0.1025796,-0.1785541
-0.0718306,-0.0384459,-0.3599398
-0.0757418,0.0216827,-0.4701735
-0.0477837,-0.0081133,-0.3290673
-0.0403061,-0.1020643,-0.0324673
0.0021439,-0.197599,0.2911908
0.0394194,-0.314851,0.5922633
0.0617663,-0.4086816,0.83735
0.1213684,-0.4455724,0.7516357
0.0901847,-0.2754857,0.5015561
0.0520735,-0.1391918,0.2573235
0.0741224,-0.100298,0.1023582
0.120152,-0.1041704,0.0218031
0.0685133,-0.0741816,-0.0399663
0.038552,-0.0691296,-0.0507735
0.0081163,-0.0578429,-0.0135888
0.0115061,-0.1619755,-0.0034929
-0.0377347,-0.1224337,-0.0130163
-0.1294,-0.0799531,-0.0915204
-0.1492898,-0.1322184,-0.150752
-0.1309398,-0.1987061,-0.2061439
-0.1743082,-0.1780092,-0.1952867
-0.1375908,-0.135948,-0.2553857
-0.1421908,-0.0378071,-0.1960265
-0.0304898,-0.0402663,-0.1238571
-0.0195041,-0.0492296,-0.0265531
-0.093801,0.1023031,0.1291439
-0.1789469,0.3950633,0.2606582
-0.1360306,0.3667582,0.2389
-0.0401449,0.1764133,0.2133184
0.0805173,-0.077951,0.1836622
0.3519041,-0.2520082,0.3357276
0.5950245,-0.3968357,-0.1662071
-0.1053765,-0.0194469,-0.3978724
-0.5858969,0.1151143,-0.8168388
-0.4415173,-0.128751,-0.4456714
-0.194149,-0.2229306,-0.0377235
-0.1581847,-0.0372286,0.1906612
-0.0591388,-0.0673163,0.2755867
-0.0043367,-0.0748316,0.184851
-0.0133337,-0.0341735,-0.008151
-0.0856092,0.0077388,-0.1909765
-0.193851,0.0629776,-0.2997827
-0.2515265,0.1078153,-0.3333673
-0.1954327,0.1177214,-0.2879153
-0.0805898,0.105852,-0.1656092
0.0218153,0.0676622,-0.020448
0.0764796,0.024799,0.0455347
0.0781867,-0.0122245,0.0117582
0.0690643,-0.0304418,-0.0635878
0.0271245,-0.0257255,-0.1398398
-0.0605306,0.009898,-0.1004776
-0.0688918,-0.0091459,-0.0336378
-0.0590347,-0.0167622,0.0242898
-0.0298439,-0.0145418,0.045498
0.0181378,-0.0385163,0.0323071
0.0038163,-0.0447214,0.042102
-0.0232755,-0.0340163,0.0543898
-0.0413378,-0.021301,0.0304796
-0.0545357,-0.0031602,-0.0305082
-0.1038551,0.026001,-0.0814378
-0.1136214,0.0445745,-0.1269235
-0.1112316,0.0535306,-0.1573908
-0.1650255,0.0580255,-0.127701
-0.2186224,0.0517092,-0.0484663
-0.2401316,0.0283276,0.0151806
-0.1974663,-0.0165194,0.0412367
-0.1420776,-0.0424337,0.0635776
-0.057698,-0.0656908,0.1281255
0.0465214,-0.1054531,0.1357245
0.0663643,-0.1060449,0.0517112
0.0271082,-0.0840755,-0.0260122
-0.0166653,-0.048449,-0.0543663
-0.0043112,-0.01825,0.0002194
0.0760327,0.0109071,0.1188898
0.1762327,0.0215541,0.2324449
0.2767276,-0.0336878,0.9019133
0.2136469,0.0275082,0.5258776
0.3371684,-0.0002184,0.4958765
0.3493224,0.0030122,0.2855633
0.3650347,0.0978367,-0.4707
0.5147367,0.2393,-1.7534714
0.3912153,-0.4879867,-0.7652194
-0.2707714,-0.0554633,0.3990735
0.016849,0.0839031,0.8883786
0.0356755,0.0034122,1.3830929
-0.0320133,0.0507378,0.5790061
0.0627459,0.0345786,-0.1485541
-0.3130969,0.0387031,-0.6951112
-0.132352,-0.0379796,-0.0662786
-0.1190704,0.0633959,0.2102224
0.0279816,0.0049327,-0.0209041
0.2064051,0.0549755,-0.05555
0.3767265,0.0716735,0.251601
0.4135959,0.1112102,0.4551714
0.0787204,0.1398316,0.24095
-0.138452,0.0925286,0.2661959
-0.1737898,0.047402,0.1611541
-0.0909643,0.044651,0.0488949
-0.0853602,0.0588704,-0.0177306
-0.1065765,0.0604082,-0.1282633
0.0245765,-0.0447112,-0.1280561
0.061198,-0.0977704,0.1108286
-0.0840633,-0.093401,0.1483173
-0.303152,-0.0077704,-0.2248041
-0.3123541,0.0508663,-0.3213735
-0.3394153,0.1242398,-0.2297092
-0.2433133,0.164499,-0.4541918
0.1066122,-0.0979408,-0.3577745
0.2964653,-0.184152,0.1589959
0.1185337,0.1634949,0.7567939
0.1125459,0.109001,0.5850112
0.0023806,-0.0117622,0.0295408
-0.0332459,0.1323265,-0.2484633
0.0799949,0.1401827,-0.1565847
-0.0840092,-0.0721031,0.0508867
-0.1635663,-0.0447541,-0.5072959
0.1096153,-0.1350469,-0.0877163
-0.0072694,-0.2149673,0.0971806
0.00845,-0.1259122,0.1308622
-0.0358418,0.0571133,-0.0465592
-0.1024571,0.1596306,-0.1513418
-0.0551684,-0.0042673,-0.1358061
-0.1442255,-0.0138439,-0.0875837
-0.1024163,-0.0330296,0.0070612
0.059001,-0.0560949,0.1982031
0.1342163,0.0304673,0.0924643
0.1227918,-0.0554306,0.00235
-0.0158561,-0.0396918,-0.0901296
0.009752,-0.008651,-0.0573939
0.0424173,0.0180531,0.2581643
-0.0366327,0.1408806,0.0021735
-0.0558602,0.127901,-0.0056704
-0.0719082,0.1326286,-0.1376918
-0.0490551,-0.001849,0.1314051
-0.0237449,-0.0167337,-0.0594031
-0.0675449,0.0078531,-0.1048378
-0.0671633,0.0331592,0.0810286
-0.0381694,-0.0068735,0.0876827
-0.0264194,-0.0099286,-0.0438449
0.0643112,-0.0838776,-0.0733184
-0.0820776,-0.0470541,0.3745776
-0.1985102,-0.0328439,0.2954224
0.0574898,0.0170551,0.1086969
0.019848,0.0054561,0.0791051
-0.0179724,0.0165969,0.2247633
0.0097184,-0.0381755,0.1529112
0.0157173,-0.0771388,0.0995347
-0.011649,-0.0628204,0.046651
-0.0072367,0.0108704,0.0656816
0.0028612,0.0442776,0.0509041
0.0096898,0.0326439,-0.0282684
-0.0216776,-0.0358867,-0.0989122
-0.0134755,-0.0348837,-0.0600469
0.0054959,-0.0351378,-0.0100867
0.0044378,-0.0247602,-0.0801276
0.0036663,-0.0417051,-0.1416857
-0.00845,-0.0485837,-0.0973592
-0.0703357,0.0156939,0.0380571
0.0745184,0.1145061,0.1397551
0.0759265,0.0432918,-0.0772041
0.0339347,0.0053633,0.0383347
0.0256439,-0.0034898,0.0754255
0.0181898,-0.0152286,0.0465327
0.0018918,-0.0453296,0.11275
-0.0202122,-0.0185449,0.0411031
0.0296082,-0.0078,0.1052265
0.0088969,-0.0027429,0.0685224
-0.0002786,-0.0212286,0.0134204
-0.0104265,-0.0262153,0.0316684
-0.0185439,-0.0164837,0.0252857
-0.0009918,-0.0084888,0.0237827
0.0022398,-0.0058908,0.0100684
0.0075571,0.0025857,-0.0071143
0.0136857,0.020648,-0.0181418
0.0228714,0.0391153,-0.0380806
0.018302,0.0426806,-0.0541959
0.0189602,0.0522296,-0.0497418
0.0083092,0.052248,-0.0409357
0.0075908,0.0353082,-0.0207102
0.0123643,0.0040204,-0.014652
0.003202,-0.0190959,-0.0060714
0.0037408,-0.0221041,-0.0022439
0.0012459,-0.0142888,0.0130184
0.001449,-0.0136531,0.0270041
0.0158276,-0.0078173,0.0262878
0.0077867,0.0020949,0.0398051
0.0002204,0.0075612,0.040899
0.0110235,-0.0017867,0.0482827
0.0002449,-0.0093704,0.0362367
-0.0021153,-0.0017245,0.0354398
0.0281163,0.0023878,0.0335959
-0.0170959,0.0110888,-0.0022439
0.030751,-0.0021755,-0.0018245
0.0058765,0.0093122,0.0140306
-0.0010786,0.0161939,0.0070459
0.0017449,0.015698,0.0063653
-0.0051041,0.0145296,0.0030622
-0.0167112,0.0249122,-0.010951
0.0042959,0.0024847,-0.0049867
-0.0016235,-0.0165561,0.0241153
0.0050378,-0.0231184,0.0231867
0.003249,-0.0183214,0.0309194
0.004499,-0.0086378,0.0281847
0.0026663,0.0023959,0.0278582
0.0054878,0.0088398,0.0293337
0.0030378,0.0087306,0.031
0.0038796,0.00665,0.0248041
0.002151,-0.0005878,0.014099
0.0003092,-0.006599,0.0115408
0.0014857,-0.0048949,0.0117173
-0.0023408,0.0029888,0.0120051
-0.0018663,0.0082306,0.004448
-0.0008337,0.0036633,0.0044184
-0.0026541,-0.0012133,0.0088571
-0.0042551,-0.004,0.0078041
-0.0017694,-0.0071582,0.0048786
0.0015786,-0.0034296,0.0187612
0.0036439,0.0010949,0.0258612
0.0065224,0.00265,0.0131837
0.0108561,0.0001459,0.0088388
0.0143173,0.0005918,0.010699
0.0113357,0.0008969,0.0136908
0.0089153,-0.0038786,0.0212592
0.0049469,-0.0007837,0.0272153
0.0051296,0.006451,0.0350622
0.0049878,0.0038776,0.0411204
0.0026286,-0.0005816,0.0355245
-0.0001357,0.0002908,0.0194031
0.0088939,-0.0116398,0.0199582
0.013598,-0.0164429,0.0152163
-0.0072214,-0.012948,0.0123194
-0.0127837,0.0113786,0.0135255
0.0015367,0.0214102,0.0083347
-0.0014735,0.0240296,0.0029571
-0.0054224,0.018602,-0.0009367
0.003,-0.0044051,0.0091245
-0.0007602,-0.0106663,0.0090561
0.0068765,-0.011052,0.0059112
0.0083276,-0.006251,0.0108969
0.0075357,-0.0043143,0.0137582
0.004902,-0.0016541,0.0201949
0.0039235,0.0038378,0.0245765
0.0004622,0.0138622,0.0208714
0.0033622,0.0154878,0.0183837
0.005799,0.0003857,0.0250265
-0.0020939,-0.0052469,0.0267082
-0.0048347,0.0006367,0.0201837
-0.0010061,0.0074133,0.0261694
0.0077582,-0.0047194,0.0220235
0.0030184,0.0010959,0.0229051
0.0104092,0.0014388,0.0162592
0.0062704,0.0082469,0.0142255
0.0051388,0.0050327,0.0089571
0.0044816,-0.0047551,0.0135878
0.0002643,-0.0128786,0.0109724
-0.0084949,-0.0043337,0.0148541
0.0217378,-0.0179194,0.0226888
-0.002851,-0.0011347,0.0250398
0.0061857,0.0048633,0.019399
-0.0057133,0.0229806,0.0087969
0.0058694,0.0154082,0.0032163
-0.0030673,0.0126133,0.0113878
0.0007449,0.0015418,0.0140184
0.0003031,-0.0017286,0.0100929
0.0050265,-0.005801,0.0078
0.0060592,-0.0074724,0.0077224
0.0140398,-0.0317653,0.0132755
-0.0018184,-0.0116255,0.0086061
0.0049898,0.0006092,0.0006816
0.0036031,0.0037398,0.0074071
0.0016612,0.00595,0.0170092
-0.011999,0.0176337,0.0082541
-0.0048796,0.0167561,0.0140694
-0.0097102,0.0141296,0.0086827
0.0016816,0.0015714,0.0082173
-0.001449,-0.0064745,0.010099
-0.0025959,-0.0125459,0.02105
0.0002459,-0.015502,0.018
0.0068878,-0.0058378,0.0042908
0.0073949,-0.0043949,0.006402
0.0159755,-0.0057367,0.0136133
-0.0033276,0.0020337,0.007548
0.0017827,0.0003459,0.0070439
-0.0031847,0.0159622,0.011198
0.0076827,0.0137327,0.0086214
0.0059102,0.0013051,0.0132898
0.0030418,-0.007499,0.017599
0.0025163,0.0004673,0.0187959
-0.0090918,0.0101306,0.0136112
0.0024969,0.0091622,0.0286929
-0.005798,0.0028296,-0.0451684
0.0013276,0.0092704,0.0420357
0.003201,0.0028561,0.0403031
-0.000801,-0.0058929,0.0458092
0.0044224,-0.0130327,0.0237367
0.0101857,-0.0043755,0.0389
0.0109357,0.0063837,0.0282173
0.012151,0.0093367,0.0091602
0.0026857,0.0073551,0.0033755
0.0006714,1.02e-05,-0.0021959
-0.0051388,-0.0050122,-0.0015449
-0.0048663,-0.0013704,-0.0022143
-0.0027418,0.0030286,0.0059316
-0.0005337,0.0076143,0.0140031
-0.0022673,0.0104194,0.0149918
-0.0010061,0.0014888,0.0102245
0.0043265,-0.0040816,0.0164276
0.0079449,0.0046306,0.0153929
0.0104408,0.0021673,0.023901
0.0083704,-0.0049918,0.0261724
0.0092,-0.0035235,0.0224459
0.0100449,0.0018224,0.0126571
0.0060255,0.0034357,0.0124082
0.0068776,0.0050112,0.0047388
0.0059847,-0.0016694,-0.0126398
0.0089204,-0.0013714,-0.0067367
-0.0190449,-0.0003959,-0.004799
-0.0139806,0.0141755,0.0054337
-0.0005755,0.0451857,0.0012184
0.0025378,0.0273806,-0.0110867
-0.0022673,0.0310531,0.0148592
-0.0287612,0.0199306,0.042802
-0.0242224,-0.0045316,0.062402
-0.0191755,-0.0192908,0.0393133
-0.0077684,-0.0172847,0.0189061
0.0157265,0.0025786,0.030951
0.0308735,0.0172612,0.0705378
0.027101,0.0191571,0.0635112
0.0120898,-0.0019867,0.0480704
0.0023755,-0.01885,0.0452898
-0.0069255,-0.0201592,0.0303316
-0.0017827,-0.0063592,0.0009398
-0.0032408,0.0087724,-0.0021347
0.0038551,0.0004378,-0.0112949
0.0009092,-0.0040653,-0.0250235
0.0038,-0.0225347,-0.0344582
0.0051357,-0.0428888,-0.0468765
0.0121561,-0.0428235,-0.0667408
0.0008878,-0.0247184,-0.0602827
0.0060582,-0.0142592,-0.0339786
-0.001602,-0.0058724,-0.0164184
-0.0083612,0.000352,-0.0101439
-0.0028755,0.002552,0.0078561
0.002898,0.0154296,0.0338367
0.0069265,0.0206765,0.0405837
0.0124816,0.0159122,0.0515806
0.0035612,0.0182296,0.0568449
-0.0027582,0.0244347,0.0477133
-0.0093949,0.0313061,0.0335949
-0.0139459,0.0328245,0.0428663
-0.0086286,0.0166561,0.0442694
-0.0119694,0.0013918,0.0373133
-0.0007153,-0.0055827,0.0222857
-0.0058724,0.0050255,0.0180112
-0.0014224,0.0062827,-0.0051551
0.0087571,-0.0070337,-0.029702
0.0127041,-0.0210255,-0.0295765
0.0063898,-0.01985,-0.0113082
-0.0022153,-0.0088622,0.0082714
-0.0024439,0.0004796,0.0090041
0.0022969,0.0082582,0.0101694
-0.020152,0.009401,0.0245408
-0.0230776,0.0126612,0.0014235
-0.0274276,0.0331663,0.0563806
-0.0009918,0.0315347,0.0297459
-0.0017551,0.0156592,0.0335888
-0.0127357,0.0044643,0.0172724
-0.0014306,-0.0062541,0.0126122
0.0086306,-0.0001265,0.049151
0.034951,-0.0073459,0.0455796
0.0179092,-0.0021704,0.0256531
0.0018847,-0.0007898,0.0322857
-0.0027347,-0.0060684,0.0173163
-0.0148939,-0.006448,0.0389061
-0.0164755,-0.0110796,0.0379602
0.0032898,-0.013148,0.0254
0.029949,-0.0138031,0.0204092
0.0269531,-0.0196898,0.0258367
0.0284561,-0.0277388,-0.0215122
0.0035041,-0.0177082,-0.0117653
-0.0235888,0.0177429,-0.0030469
-0.0080082,0.0150408,-0.012102
-0.0075786,0.0064173,0.0067541
-0.0009255,-0.0089378,0.0402908
0.0247704,-0.0142806,0.0654867
0.1185276,-0.0174,0.0587673
0.2081255,-0.0319561,-0.0268041
0.0439347,0.0317694,-0.0662888
-0.044652,0.0564735,0.0054194
-0.0789653,-0.0028031,0.0419102
-0.0707918,-0.0109776,0.0630939
-0.0576122,-0.0145551,0.1468133
-0.0501673,-0.0268612,0.1528837
-0.0115133,-0.0361735,0.040199
-0.0076653,-0.0435633,-0.0462429
0.0220041,-0.0282776,-0.0315735
0.0471602,0.018649,-0.0735051
0.0051908,0.0506694,-0.0769735
-0.0957418,0.0576847,-0.0746337
-0.1328959,0.0438439,-0.0428898
-0.1310286,0.0061735,-0.0068867
-0.0412643,-0.0750541,0.0204031
-0.0116745,-0.0505276,-0.0225796
-0.0616418,-0.0058908,-0.0277418
0.0428173,-0.0213663,0.0355184
0.0884347,-0.0408163,-0.0124224
0.0604367,-0.0285959,0.0067949
0.1026592,-0.0527878,0.0991398
0.101599,-0.0435694,0.1381724
0.0564133,-0.0243286,0.0985857
0.0266408,-0.020652,0.0164031
0.0084531,-0.0103908,-0.0275163
0.0019878,0.0096704,-0.0463878
0.0701684,0.0035276,-0.0241449
0.0686204,0.0224418,-0.0570296
0.0265571,0.0225847,-0.0698459
0.0445286,-0.0032276,-0.0560245
0.0368194,0.0042622,-0.0365918
0.0202429,0.0065398,-0.0166704
0.0061071,0.0038194,-0.0074347
0.0180357,0.0021408,0.010148
0.0396378,0.0055102,0.018251
0.007749,0.0136673,0.0102153
-0.0147286,0.0161653,-0.0091429
-0.030599,0.0021173,-0.0191816
-0.0357112,-0.0019949,0.0145102
0.0103388,-0.0029337,0.0325408
0.0828327,0.0083367,-0.0625388
0.0898041,0.0101194,0.0456561
0.0348122,-0.0018571,0.1252449
-0.012252,0.008298,0.1406061
-0.0395724,0.0172612,0.0618837
-0.0491796,0.0385602,-0.0157459
-0.0057918,0.0165908,-0.052651
0.0180541,-0.0026265,-0.0466796
0.137748,-0.0052102,-0.0249194
-0.001249,0.0321969,-0.0242286
-0.0362561,0.0056969,-0.00345
-0.0539969,0.001702,0.0333714
-0.0561286,0.0081082,0.0448878
-0.0557429,0.0243112,0.064652
-0.0545337,-0.0163867,0.0714245
-0.079602,-0.0076,0.0557163
-0.0655827,0.0102265,0.0406786
-0.0382327,0.0116643,0.0135327
-2.96e-05,-0.0353765,0.1123908
0.050551,-0.1110908,0.1411582
0.0230847,-0.1291112,0.0831388
-0.0784143,-0.0715541,-0.110298
-0.0124071,-0.0191888,-0.2440888
0.1198,0.0518694,-0.104852
0.1285796,0.0230837,-0.0005286
0.0838939,0.0044541,0.0178255
0.0693173,-0.007399,0.0879194
0.0025531,0.0037867,0.1645469
-0.053448,0.0235429,0.1537092
-0.0168173,0.0239367,0.0604265
0.0218276,0.0113133,-0.0313276
0.0100633,0.0069469,-0.0553459
0.0063429,-0.0078265,-0.0273459
0.0029306,-0.0084306,-0.0128704
-0.0076031,-0.0091194,0.0132296
-0.0050929,-0.0042878,0.0423031
0.0078327,-0.0021755,0.0669459
