accx,accy,accz
0.1086102,0.0171531,-0.0878357
-0.0335102,0.0125735,-0.0765541
-0.0082867,-0.0467296,-0.0409388
-0.0563786,0.0025806,0.0731969
-0.0103888,-0.0664122,0.1667929
0.1696245,-0.0515684,0.1865418
0.0895133,-0.0454694,0.0601224
-0.0215408,-0.0063857,-0.050251
-0.04695,-5.2e-05,-0.0760041
-0.0272316,-0.0107602,-0.0448408
-0.0132531,-0.0183745,0.0037378
-0.0108816,-0.0189388,0.0346857
-0.0186776,-0.0061704,0.0184673
-0.0441776,0.0077092,-0.028599
-0.0773745,0.0155204,-0.0278541
-0.0696378,0.0170071,0.0267
-0.0310663,0.0075837,0.0771112
-0.0171765,-0.0032204,0.0896031
-0.0224714,0.0047786,0.0573612
-0.0159194,0.0042969,0.0299643
-0.0141255,-0.0017082,0.0250418
-0.0350408,-0.0045245,0.0404776
-0.0425194,-0.0072378,0.0564235
-0.0327847,-0.0090633,0.0273969
-0.0425408,-0.0061459,-0.0220724
-0.0485551,-0.0018184,-0.0321633
-0.0239908,-0.0046571,-0.0181837
0.0085888,0.0006908,-0.0193204
0.0276755,0.0023306,-0.0110898
0.0104684,0.0194918,0.0093918
0.0190378,0.0122102,0.08325
0.0318163,0.0141184,0.146952
0.0387867,0.0186694,0.1469469
0.0141327,0.0231398,0.1099776
-0.0068378,0.0322408,0.0842469
0.0212592,0.033748,0.0714122
0.0486296,0.026152,0.0628633
0.0392265,0.0338429,0.0508122
0.047248,0.0139541,0.0450306
0.0292622,0.0208388,0.0392051
0.0178959,0.014002,0.0329878
0.0116367,0.0108765,0.0174949
0.0084143,0.0068878,-0.0192673
0.0112418,0.0172541,-0.0652745
0.017199,0.0082857,-0.1041612
-0.014351,0.0200306,-0.0992602
-0.0133449,-0.0010082,-0.0525929
-0.0069918,-0.0116367,0.0033592
-0.0019092,-0.0185153,0.0135214
-0.0055796,-0.0283602,-0.030652
0.0017163,-0.0298031,-0.1000173
0.0140878,-0.0379102,-0.117248
-0.0138724,-0.029249,-0.0826551
-0.0481908,-0.0317704,-0.052848
-0.0731643,-0.0431,-0.0504622
-0.0332908,-0.0363061,-0.1028959
0.0111806,-0.0451327,-0.1700867
-0.0253541,-0.033301,-0.177948
-0.0173418,-0.0291633,-0.0676327
0.0610388,-0.0216429,0.1196133
0.1737296,0.0096806,0.2889622
0.1884724,0.0539418,0.3978847
0.1619449,0.0967327,0.4391235
0.1244806,0.1295857,0.3762429
0.0782357,0.1433296,0.2359388
0.0110082,0.1183439,0.047
-0.017498,0.0454276,-0.1035878
-0.0321561,-0.0424714,-0.1538724
-0.0619918,-0.0849755,-0.1375878
-0.0798837,-0.1048643,-0.1254367
-0.1311867,-0.1132204,-0.1445031
-0.2163776,-0.18545,-0.1693112
-0.2871429,-0.2336439,-0.1148306
-0.2959153,-0.2710949,-0.1087827
-0.2354041,-0.2918786,-0.3072
-0.2595286,-0.2752459,-0.5177286
-0.2683888,-0.265999,-0.5652235
-0.2406429,-0.2986061,-0.5314031
-0.2734531,-0.2863316,-0.5052602
-0.3428847,-0.2748673,-0.4163153
-0.4310571,-0.2614622,-0.1131286
-0.2299378,-0.2573918,0.3208184
0.0610439,-0.2245184,0.6424
0.1788673,-0.201352,0.5893796
0.1183939,-0.1287755,0.364851
0.2472296,-0.1273235,0.1757571
0.4511959,-0.0948704,0.2379286
0.4566796,-0.0469673,0.3473316
0.5228837,-0.0349235,0.3880612
0.7228704,-0.0243214,0.2310694
0.7418571,0.0272582,0.0134235
0.673149,0.0544459,-0.1060653
0.5947357,0.0539969,-0.0783235
0.5288347,0.0184214,-0.0876296
0.4474867,0.0138969,-0.1911194
0.377951,0.0284184,-0.3137041
0.1938082,0.0444551,-0.9145469
-0.0646939,-0.0916214,-1.1581847
0.2528092,-0.1397102,0.0395276
0.297751,-0.1298398,0.3515827
0.1276224,-0.0494704,0.0483061
-0.01975,-0.0165582,0.0189735
0.0696286,0.0629194,0.2283153
0.0380367,0.1588684,0.428901
-0.1845194,0.2068694,0.5336622
-0.3425969,0.2486724,0.571751
-0.4937143,0.2170388,0.2365561
-0.5130153,0.0433041,0.0180439
-0.320498,-0.1361092,-0.3677112
-0.1585888,-0.3135367,-0.5652714
-0.1870776,-0.359602,-0.2072694
-0.4188,-0.2599776,-0.1397357
-0.331701,-0.1749459,0.0221878
0.1204949,-0.0644051,0.2430827
0.3959204,0.0498214,0.3431041
0.3707153,0.1798153,0.1978092
0.2980592,0.217852,-0.0303694
0.1905469,0.2010378,-0.0274286
0.00255,0.1582153,0.0301816
-0.0882704,0.0298265,0.0170694
-0.178051,-0.0526561,0.3239673
-0.2022061,-0.021152,0.2004847
-0.0205949,-0.0588592,-0.0466112
0.1318306,0.045451,-0.0021612
0.3021837,0.0265684,0.0312745
0.2980755,-0.0451878,-0.1233765
-0.2048888,0.291151,-0.2198704
0.0566469,-0.184452,-0.4356582
0.191701,-0.2809612,-0.1694908
0.1312429,-0.1870469,0.2277571
0.3095663,-0.2745235,0.5729602
0.1641673,-0.0076765,0.5371765
0.2031684,-0.1765541,0.0592888
0.0411306,-0.0896173,-0.1189347
-0.2575592,0.3605429,0.0156673
-0.3283939,0.475649,0.0650908
-0.4012918,0.4283031,0.119601
-0.4342153,0.3501296,0.000851
-0.4639694,0.2561265,-0.0571286
-0.4194347,0.11995,0.0565327
-0.070298,0.0951551,0.1063745
0.1061888,0.2489969,-0.0491418
0.1163592,0.1926745,-0.0846602
0.2699082,-0.0847643,-0.025752
0.3777663,-0.3764163,-0.1340296
0.4424194,-0.5120408,-0.2361296
0.3243653,-0.8988633,-0.1919735
0.2252184,-0.9321684,0.0683112
0.1623102,-0.3123143,0.1228898
-0.1738429,-0.1318908,0.2482173
-0.2600112,0.040399,0.0245153
-0.0915459,0.1456878,-0.0832796
0.1074653,0.1463071,-0.0484367
0.1582,0.0603684,0.0309714
0.1701969,-0.0405122,0.0437571
0.1895265,-0.0569388,-0.0016061
0.1430122,0.0100133,-0.0298378
0.0784888,0.0265561,-0.0147255
-0.0053224,-0.0080561,-0.0021724
-0.0639786,-0.0368888,-0.005448
-0.0978735,-0.0261827,-0.0084765
-0.1003061,0.0110469,-0.0100082
-0.0933092,0.018598,-0.0111714
-0.0565276,0.0001245,-0.0190418
-0.0139082,-0.0090959,-0.0194
0.0114755,0.0054551,-0.0052643
0.0431714,0.0161071,0.0110408
0.0743408,0.0180969,0.0251122
0.0925041,0.0171388,0.0242541
0.0974388,0.020952,0.0099714
0.094998,0.0176969,-0.0041612
0.0768276,0.0145347,-0.0055061
0.0618929,0.0129286,0.0053071
0.0393,0.0069459,0.0133755
0.0108918,0.0009857,0.0095959
-0.0132531,-0.0037878,-0.0066724
-0.0483898,-0.0043541,-0.014501
-0.0760541,0.0007214,-0.0086949
-0.0879204,-0.0024306,0.0088765
-0.0836776,-0.0132561,0.0081561
-0.0695286,-0.0066082,-0.0097633
-0.04465,-0.0021296,-0.0093908
-0.0325806,-0.0057949,-0.0013561
-0.0289827,0.0090857,0.0007602
-0.0225102,0.0142286,0.0130327
-0.0045939,0.0062571,0.013449
0.0181357,-0.0025663,0.0052469
0.0324388,-0.0080102,-0.000302
0.0253224,0.0032133,-0.0059602
0.0105776,0.0157949,-0.0010867
0.0006592,0.0055153,0.0050398
-0.0093398,-0.0155806,-0.0008612
-0.0165949,-0.0044878,-0.0206561
-0.0146224,0.0091765,-0.0192224
-0.0020765,0.0105908,-0.0079031
0.005702,-0.0010337,-0.0002939
0.0028602,-0.0044898,-0.0018347
0.0032837,0.0006327,-0.0042684
0.0096255,0.0084622,-0.0069735
0.0216306,0.0072041,-0.0044041
0.0252735,0.0078531,0.0058582
0.0284929,0.0085276,0.0124694
0.0247776,0.0020337,0.0119561
0.0095255,-0.0017082,0.0057173
-0.0051796,0.0130765,-0.0003194
-0.0019837,0.0191214,0.0086531
-0.0002663,0.0015061,0.0152031
-0.0025296,-0.0078735,0.004901
-0.0157378,-0.0094133,-0.0134796
-0.0146643,0.0164765,-0.0285082
-0.0037653,0.0136684,-0.0089276
-0.0014357,0.0001122,0.0153847
-0.0148622,-0.0034224,0.024151
-0.0192337,-0.0049827,0.0073694
-0.0005306,0.0104908,-0.0185071
0.0172102,0.013099,-0.0168776
0.0178939,0.0042837,-0.0037939
0.0089602,0.0006673,0.0062255
0.0026398,-0.0001286,0.0028541
0.0016898,-0.0016571,-0.005049
-0.0020561,0.0002316,-0.012248
-0.0067469,0.0082133,-0.0126765
-0.002999,0.013102,0.0068327
0.0058061,0.0097959,0.0221418
0.0014306,-0.0016561,0.0182296
-0.0114643,-0.0034255,-0.0010418
-0.0083837,0.0053449,-0.0166867
0.0015082,0.002698,-0.0153184
-6.84e-05,-0.0053643,-0.0108561
-0.0127878,-0.0083673,-0.0102031
-0.024152,0.0048316,-0.0070429
-0.0212245,0.0143133,0.0048214
-0.0072194,0.0034204,0.0168327
-0.0027643,-0.0027918,0.0124418
0.0046143,0.0078276,-0.0072459
0.0166898,0.0076622,-0.0113776
0.015498,-0.0005857,-0.0063337
0.0049122,-0.0012306,-0.0046173
-0.0015255,0.0086214,-0.004652
0.0040469,0.0105541,0.0026673
0.0107571,0.0054888,0.0072949
0.0086908,-0.0004939,0.0018347
-0.0002857,-0.0055439,-0.0033439
-0.0065643,0.0070235,-0.0103827
-0.0051296,0.0087092,-0.0034378
-0.0046969,0.0039939,0.0091827
-0.0051867,-0.0006224,0.0090378
-0.0042061,0.0007908,-0.0012571
-0.0022449,0.0073224,-0.0102092
0.0005306,0.0070449,-0.0057102
0.0010276,0.0042918,0.004949
0.0028827,0.0020102,0.0073357
0.0042429,-0.0036765,0.0021796
0.0022327,0.0096571,-0.0056582
0.0048143,0.0085622,-6.33e-05
0.0036041,0.0013643,0.008498
0.0008878,0.0012888,0.0018918
-0.000499,0.0060357,-0.0064184
-0.0011694,0.0036255,-0.0040204
-0.0023765,0.0073408,-0.003349
0.0045092,0.0104786,-0.0011378
0.0082582,0.007252,0.0097918
0.0068663,0.0027224,0.0089357
0.0034255,0.0038316,-0.0029776
0.0007939,0.0027255,-0.0068806
-0.0076959,-0.0017969,-0.0053694
-0.0130418,0.0089878,-0.0133571
-0.0088704,0.0076429,-0.0042133
-0.0055878,0.0010622,0.0088704
-0.0055163,0.0007857,0.0061602
-0.0046235,0.0066112,-0.007648
0.0081327,0.0051929,-0.0086459
0.0109541,0.0007796,0.001498
0.0055439,0.0009663,0.0005061
0.0002694,0.0001102,-0.0061418
-0.0050929,-0.000102,-0.0069296
-0.0056571,0.0023327,-0.0066541
-0.0050857,0.0032163,0.0042714
-0.0079796,-0.004351,0.0117367
-0.0117867,0.0032296,-0.0005847
-0.0059459,0.0135684,-0.0070224
0.001698,0.0062306,0.0090694
0.0034837,0.0006133,0.0068469
0.0025224,0.0033653,-0.0022541
-0.0015286,0.0048194,-0.0010449
-0.0032643,0.0028724,0.0022724
-0.0047908,0.0060255,-0.0036398
-0.0078786,0.0095735,0.0014898
-0.0035755,0.0069806,0.0065969
0.0030276,-0.0005041,0.0061102
0.0022224,-0.0006306,-0.0038296
0.0048724,0.008699,-0.0117408
0.0084622,0.0024867,0.0017755
0.0005459,-0.0024755,0.0081857
-0.0091898,0.0033276,-0.0040776
-0.0040663,0.0130184,-0.012502
0.0043071,0.0138714,-0.009448
0.0191265,0.0103408,-0.0022816
0.0323969,0.0008765,0.0088378
0.0292327,0.000802,0.0060469
0.0168663,0.0035857,-0.0027939
-0.0053388,-0.0053918,-0.0100276
-0.0297429,-0.0028633,-0.0230112
-0.0376337,0.0023194,-0.022749
-0.0418286,0.0110194,0.0018041
-0.01455,0.0122082,0.0291061
0.0071143,0.0055245,0.0285071
0.0078633,0.0085367,0.013451
0.0083102,0.0043643,0.009651
0.0029378,-0.0003857,0.0003673
-0.0041602,0.0033357,-0.0126633
-0.0076306,0.0019122,-0.0173071
-0.0077327,0.0004224,-0.0165949
0.00245,0.0100224,-0.0103276
0.0118163,0.0020908,0.00375
0.0100888,-0.0007806,0.0096173
0.0079959,0.0031857,0.0007204
0.0024796,-0.0017194,0.0009469
-0.0120776,0.0006439,0.0029347
-0.0221265,0.0067,-0.0045592
-0.0199153,0.0050918,-0.0011367
-0.012,0.0047337,0.0077051
-0.0022061,0.0051041,0.0030153
0.0037378,0.0094531,0.0008582
0.0081571,0.0074459,0.0078704
0.006949,-0.0005806,0.0093194
0.0063112,0.006301,-0.0028051
0.0096102,0.0076857,-0.0079082
0.0090857,-0.0005612,-0.0074827
0.0038633,-0.0051908,-0.0121898
-0.0052184,-0.0005541,-0.0122429
-0.0061724,0.006949,-0.0014265
0.000598,0.0072704,0.0122245
0.0008939,0.0093765,0.0166918
-0.0035653,0.006098,0.0131888
-0.0060245,-0.0032571,0.0033735
-0.0024449,0.0023735,-0.0125184
-0.0025173,0.0053673,-0.0134694
-0.0061286,0.0016184,0.0008582
-0.0066143,0.0038316,0.0036092
-0.003752,0.0036878,0.0005969
-0.0019531,0.0040898,0.0026102
-0.0013378,0.0024408,0.0036265
-0.0001306,0.0039541,-0.0002194
0.0045245,0.0087163,0.0001255
0.0063327,0.0064806,0.0038214
0.0039571,9.49e-05,-0.0010745
-0.0031592,0.0006459,-0.0094806
7.86e-05,0.0067398,-0.0106214
0.0104724,0.0110847,0.0010704
0.0145531,0.0060867,0.0117745
0.0123867,0.0018112,0.0061439
0.0023327,0.0033592,-0.0052378
-0.0057612,0.0039061,-0.0110041
-0.0075776,0.0074357,-0.0091571
-0.0075735,0.0054449,0.00265
-0.0039602,0.0009408,0.0069041
0.0002888,0.0018276,-0.0014959
-0.0012031,0.001452,-0.0059939
-0.0088949,0.0004327,-0.0030459
-0.0119888,0.0032612,-0.0009622
-0.0100102,0.0024143,0.0063296
-0.0064969,-0.0019296,0.0026204
-0.0068378,0.0035745,-0.0048857
-0.0082367,0.0043633,0.006348
-0.0067847,0.0056235,0.0121337
-4.8e-05,0.008998,0.0029112
0.0070633,0.0046602,0.0014153
0.0088235,0.0025153,0.002751
0.0125316,0.0043337,-0.0027071
0.016052,0.0073745,-0.0107245
0.0205316,0.010652,-0.0094449
0.0190673,0.0004327,0.0003224
0.0045061,-0.0060163,-2.14e-05
-0.0064367,0.0026724,-0.009251
-0.0058316,0.0079041,-0.0120653
-0.0012082,0.0065878,-0.0015643
-0.0010408,-0.0009235,0.0052724
-0.0103449,-0.0005745,0.0045153
-0.0114357,0.0107643,0.0008561
-0.0043714,0.0104112,0.0107133
-0.0034776,0.0011765,0.014099
-0.0051735,1e-06,-0.0059969
-0.0011316,0.0002163,-0.0135735
0.0008816,0.0035776,-0.0069061
-0.0020357,0.0113092,0.0065724
-0.0072398,0.0083031,0.0263929
-0.0079694,-0.0017327,0.0145133
0.0023398,0.0052602,-0.0221102
0.0158102,0.0072684,-0.0231276
0.0112796,-0.0022745,0.0026327
-0.0059888,-0.0084184,0.0104153
-0.0162276,0.0100041,-0.0031
-0.0043255,0.0124418,-0.0008663
0.004999,0.0036194,0.0105592
0.0014755,0.0010786,0.0033092
-0.0047816,0.0028439,-0.0018388
-0.0054061,0.0036653,-0.0019092
-0.0005827,0.0065949,-0.004599
0.0010602,0.0068673,-0.0033531
-0.0001949,0.0036245,0.0010337
0.0013449,0.0012724,0.0007878
0.0062571,0.0048867,-0.0039031
0.0068,0.0066827,-0.0056929
0.0058316,0.0051551,0.0005918
0.0009112,0.0009867,0.0020133
-0.0014582,0.0022602,-0.0061367
0.000252,0.0022092,-0.0087531
-0.0014959,0.0023602,0.0006082
-0.0029939,0.0073663,0.0067643
-0.0032959,0.003899,0.0110327
-0.0064969,0.0019071,0.0080796
-0.0070816,0.0065684,-0.006848
-0.0034071,0.0055724,-0.0084071
-0.0003265,0.0033469,-0.0007194
0.000948,0.0054041,0.0059173
0.0015796,0.0018643,0.0075898
0.001751,0.0039643,-0.0003265
0.0068347,0.0061776,-0.0079082
0.0136357,0.0062837,-0.0050367
0.0126153,0.0034694,0.0030153
0.0024796,0.0001398,0.003299
-0.0074173,-0.00105,-0.0018837
-0.0119296,0.0042306,-0.010551
-0.0057592,0.0071531,-0.0109255
4.39e-05,0.0041092,0.0008337
0.0010755,-0.002002,0.0094633
-0.0055153,0.0026276,0.0052653
-0.007201,0.0073969,-0.0004531
-0.0039633,0.0076082,0.0031255
0.0009418,0.0034806,0.0087867
0.0017245,-0.0018296,0.0020449
0.0002316,0.006651,-0.0126378
0.0037143,0.008101,-0.0052551
0.0038694,0.0027061,0.011599
0.0008959,-0.003648,0.0090541
-0.0012602,0.0037327,-0.0061786
0.0042337,0.0111286,-0.0099337
0.0075286,0.0053408,0.0055071
0.0019276,-0.000802,0.0097622
-0.0066878,0.0044469,-0.005099
-0.0076735,0.0038786,-0.0113673
-0.0035265,0.0017306,-0.0069582
-0.0009541,0.005401,-0.0075622
-0.002298,0.001951,-0.0019449
-0.0064969,0.00275,0.0079112
-0.0071643,0.0047796,0.0042051
-0.0061204,0.005001,-0.0065898
-0.0053337,0.008552,-0.0089082
-0.0011367,0.0021633,-0.0049102
0.0059796,0.0043092,-0.0105816
0.01215,0.0056602,-0.0115316
0.0117122,0.0023684,0.0011684
0.0055735,0.0012806,0.0043449
0.0007959,0.0057561,-0.0006745
-7.24e-05,0.003701,0.0017163
-0.0038265,0.0017051,0.0036918
-0.0092347,0.0058724,-0.0008102
-0.0131337,0.0042327,-0.0040439
-0.0120122,0.0035388,-0.0031327
-0.0035408,0.0028673,-0.003548
0.0015765,0.0058347,0.0009163
0.0031204,0.0047163,0.0102847
0.0005755,0.0034255,0.0101735
-0.0037398,0.0027378,-0.005499
-0.0055704,0.0043571,-0.0166031
0.0002204,0.0049704,-0.0049061
0.0039418,0.0027755,0.0057071
-0.0001673,0.0059806,0.0062745
-2.14e-05,0.0016378,0.001201
0.0033378,0.0040398,-0.0062551
0.0075265,0.0075439,-0.0036622
0.0036735,0.0055724,0.0069316
-0.0010265,0.0018643,0.0070786
0.0006184,0.0018847,-0.0009786
0.0022398,0.0097673,-0.0042286
0.0005276,0.0063143,0.0039969
-0.0045704,0.0004653,0.0091316
-0.0046388,0.0066837,0.0016214
-0.0005704,0.0046765,-0.0020857
0.0023276,0.0048622,-0.0100816
0.0080837,0.0029898,-0.0122745
0.0090112,0.0001602,0.002899
0.0053847,-0.0009347,0.015352
-0.0022857,-0.0047796,0.0068286
-0.0076235,0.0046469,-0.011001
-0.0027388,0.0135806,-0.0056143
0.0049133,0.0081571,0.0188939
0.0065878,0.0087602,0.0243337
0.0113602,0.0073878,0.0120837
0.0105878,0.0035633,0.0024
0.0034306,0.0012704,-0.0088153
-0.0040714,-0.0001398,-0.0153837
-0.0132153,0.0039561,-0.0167408
-0.0115194,0.0030959,-0.0142041
-0.0083582,-0.0040704,-0.005402
-0.0134429,-0.0003531,0.0047622
-0.0094714,0.0058602,0.007549
0.0014755,-0.0003367,0.006652
0.0008908,-0.002201,-0.0010541
-0.0081408,-0.0002,-0.0078531
-0.0286173,-0.0024255,-0.0034337
-0.041702,-0.0020143,0.0014571
-0.0487439,0.0004959,0.0022663
-0.0464306,0.0079449,-0.000448
-0.0297296,0.0139929,-0.0062082
0.0024398,0.0072296,-0.0009592
0.0257816,0.0026398,0.0091765
0.0450255,0.0084388,0.003599
0.0581776,-0.0007327,-0.0036337
0.0564214,0.0013867,-0.0067153
0.0512327,0.0157082,-0.0054173
0.0480082,0.0164378,0.0038469
0.0433398,0.0078561,0.0096306
0.0367888,0.0007449,0.004698
0.028248,-0.0008796,-0.0032173
0.004998,0.0007561,0.0019367
-0.026302,-0.0007439,0.0110837
-0.0481929,-0.0005949,0.0073316
-0.0617316,0.006701,0.0019
-0.0561306,0.0089449,0.0070929
-0.0329663,0.004901,0.0171827
-0.0222531,0.0051796,0.0130878
-0.0126857,0.0077694,-0.0068857
-0.0008704,-0.0017929,-0.0119969
0.0091092,-0.0026469,-0.0140469
0.0095224,0.0045,-0.0116908
0.0100367,0.0043316,-0.0007622
0.0105122,0.003402,0.0012735
0.0099071,0.0062133,-0.0041612
-0.0020286,0.0028388,-0.003701
-0.015852,-0.0002888,-0.000502
-0.0181592,0.0049602,-0.0012561
-0.0107286,0.0052949,-5.82e-05
-0.0109398,-0.0017929,-0.0022133
-0.0091296,0.0023663,-0.0132694
-0.0036,0.0057245,-0.0088867
0.001199,0.0079847,0.0076092
0.0119286,0.0050327,0.0049561
0.020852,0.0021959,-0.0024959
0.0208031,0.0053714,0.0028735
0.0186337,0.0031398,0.0067459
0.0175816,0.008252,0.0041418
0.0173204,0.0127184,0.006899
0.0099776,0.0056122,0.0096643
-0.0036102,-0.0042602,0.0012173
-0.0111602,-0.0033612,-0.0161204
-0.0111296,0.0036663,-0.0182429
-0.0076653,0.0064367,-0.0045929
-0.0090265,0.0024612,0.0070867
-0.0180969,0.0034398,0.0135327
-0.0244092,0.0058561,0.0123235
-0.0207296,0.0035327,4.39e-05
-0.0107255,0.0009459,-0.0097602
-0.0018724,0.0021449,-0.0083429
0.0091755,0.0080102,0.0046071
0.0148541,0.0099541,0.0167612
0.0134908,0.0007092,0.0101122
0.003848,-0.0015949,-0.009848
-0.007299,0.0031347,-0.0167255
-0.0078571,0.0048439,-0.0021806
-0.0059857,0.005648,0.0106949
-0.0017255,0.0037714,0.0079082
0.0043092,0.0030367,0.0010102
0.0072939,0.0038714,-0.0014255
0.0084092,0.0085245,-0.0025204
0.0056378,0.0027204,0.0017582
-0.0018827,-2.96e-05,-0.0058643
-0.0067031,-0.0007418,-0.0094469
-0.0114398,-0.0022102,-0.002349
-0.0139184,-0.0035449,0.0020173
-0.015799,-0.0035745,0.0036816
-0.0157929,0.0031398,0.0013031
-0.0095143,0.0023653,-0.0014673
-0.0084286,0.0001776,0.0017408
-0.012451,-0.0012163,0.0132398
-0.0218704,0.0031092,0.0135224
-0.0284316,0.0123806,0.0018367
-0.0143602,0.0104153,-0.0019745
0.0177061,0.0034541,-0.0040133
0.0482306,0.0003959,-0.006552
0.0588663,-0.0018908,0.001749
0.0454296,0.0022959,0.0028459
0.0214449,0.0021796,-0.0032694
0.0032929,0.0014735,-0.011352
-0.0091806,0.004648,-0.0140398
-0.0087735,0.0098408,-0.0023908
-0.0025082,0.0132714,0.0122449
0.0059224,0.0164204,0.0170847
0.0168469,0.0133571,0.0100571
0.0274745,0.0131735,0.0028541
0.0336204,0.0066694,0.0026143
0.0247327,0.0021112,0.0049398
0.0085316,0.0064337,-0.0002061
-0.0090276,0.0084,-0.0090388
-0.0188643,0.0075092,-0.0169112
-0.0219418,0.0041173,-0.0223959
-0.0171888,-0.0038194,-0.0183439
-0.0102224,-0.0124306,-0.0087857
-0.0170102,-0.0102847,-0.0012786
-0.0365663,-0.0025837,0.0052316
-0.0569969,2.24e-05,0.0147235
-0.0612184,0.0023041,0.0217296
-0.0476561,0.0028418,0.0173306
-0.0161592,0.0108561,0.0040857
0.0136378,0.014548,0.0094796
0.0297582,0.0020582,0.0171765
0.035898,-0.0001684,0.0035765
0.0280898,0.0019429,-0.0107827
0.0098969,0.0012265,-0.0112959
-0.0079602,0.0034235,-0.0079837
-0.0156633,0.0037939,-0.006952
-0.0122031,0.0007694,-0.011002
-0.011302,-0.0011173,-0.0078888
-0.016901,0.0068653,0.0014612
-0.0167378,0.0108643,0.0106265
-0.0083235,0.0058031,0.0073786
0.0059245,0.0023724,-0.001851
0.01545,0.0046765,-0.0063847
0.0221929,0.0096714,-0.0095
0.0308255,0.0086296,-0.0128327
0.0309184,0.0061367,-0.0053949
0.0201214,0.0056673,-0.0031286
0.0050847,0.0085133,-0.0047296
-0.0006847,0.0056214,-0.0011582
0.0016541,0.0068408,0.0022724
0.0111898,0.0101194,0.0024143
0.020149,0.009448,0.0066061
0.022499,-0.0033541,0.0100163
0.0060429,-0.0137867,0.0004173
-0.0265633,-0.0072245,-0.0126173
-0.0506888,0.0021337,-0.013598
-0.0612133,0.0097551,-0.0034061
-0.0410673,0.0087122,0.0104867
0.0034449,0.0031469,0.0167296
0.0293255,0.004799,0.0181276
0.032801,0.0053898,0.0216694
0.0107755,0.0003357,0.0128755
-0.0155663,0.0057592,-0.0052745
-0.0238367,0.0090755,-0.0168898
-0.0150173,0.001448,-0.011598
-0.0082898,-0.0041571,-0.0016459
-0.0058163,0.0040327,-0.0047031
-0.0025122,0.0056663,0.0014082
-0.0008622,0.001901,0.0076816
0.000648,0.0021745,-0.0014878
-0.0019286,0.0029939,-0.0053316
0.0006439,0.0064939,0.0006204
0.0014245,0.0022316,0.0043082
-0.0032204,0.0033673,0.0014622
-0.0061082,0.0027051,0.0008327
-0.0149163,0.0018806,0.00165
-0.0192163,0.0060582,-0.002748
-0.0108398,0.0104918,-0.0107102
0.0054582,0.0059092,-0.011649
0.0156561,0.0012439,-0.0059867
0.0191163,0.0042724,-0.0068612
0.0141122,0.0022459,-0.0041408
0.0048102,-0.0007929,-0.0010286
0.0047602,0.0044827,-0.0035214
0.0055622,0.0058755,0.0028337
0.0072704,0.000551,0.0065235
-0.0016867,-0.0006041,-0.003151
-0.0120255,0.0070051,-0.0073112
-0.0132153,0.0113082,0.0092867
-0.0109837,0.0040439,0.0229561
-0.0053204,0.0025847,0.0098102
0.0014918,0.0024316,-0.0036245
0.0047684,-0.0059837,0.0008765
-0.0004408,-0.0056888,0.0064112
-0.0165469,0.0055469,0.0049939
-0.0299265,0.0100184,0.0102102
-0.0322939,0.0088153,0.0185643
-0.0200531,0.0058204,0.0086847
-0.0006153,-0.0034378,-0.0168459
0.014951,-0.0041827,-0.0278245
0.0240704,0.0013724,-0.0168122
0.0245439,-0.0026378,0.0012469
0.0150837,0.0002378,0.0114776
0.0047561,0.0124255,0.0197459
8.16e-05,0.0111714,0.020952
-0.0016276,0.0027622,0.0157643
-0.0014755,0.0062265,0.0092653
0.0024949,0.0039612,0.0054929
-0.0020622,0.0008469,-0.0005265
-0.0043306,0.0062847,-0.0139439
-0.0010439,0.0025582,-0.0151327
0.0020867,0.0003582,-0.0079592
0.0105061,-0.0006194,-0.0052827
0.011849,0.0027235,-0.0050449
0.0060143,0.003648,-0.0062112
0.0037704,0.006149,-0.0059622
0.0041459,0.0059408,0.000598
0.0056143,0.0035612,0.0055561
0.0057908,-0.0010765,0.0022684
-0.0008286,0.0026357,0.0028898
-0.0052173,0.008148,0.0029939
-0.007048,-0.0012306,0.0016929
-0.0087816,-0.0099122,-0.0014429
-0.0150949,-0.001951,-0.0119122
-0.0214051,0.0079684,-0.0115837
-0.0277276,0.0130684,0.0071918
-0.0219143,0.0080776,0.0151327
-0.0111816,0.0011673,0.0053316
-0.0020541,-0.0034143,-0.001349
-0.0076837,0.0024429,-0.0101878
-0.0030214,0.0131031,-0.014752
0.0218276,0.0081265,-0.0065347
0.0445673,-0.0064102,0.0015561
0.0509765,-0.0051194,0.0053684
0.0198398,0.0011551,0.0058816
-0.0080908,-0.0036561,-0.0062092
-0.02195,0.0067806,-0.0219663
-0.0295296,0.0059918,-0.0126541
-0.0278888,0.0096714,0.0097663
-0.0288112,0.0106796,0.0209969
-0.0167245,0.0133378,0.0089765
0.017552,0.0160041,-0.0068643
0.0318316,-0.0028408,-0.0039286
0.0205469,-0.0185949,0.0049
0.0018561,-0.0026286,0.0043918
-0.0181602,0.0110602,0.0048388
-0.0351367,0.0160449,-0.0021561
-0.0175408,0.0164684,-0.0088071
0.0132296,0.0016827,-0.0042439
0.0300224,-0.0127276,0.0010724
0.0245531,-0.0053918,0.0089673
-0.0076653,0.008601,0.0117694
-0.0276214,0.0170714,-3.1e-06
-0.011801,0.0055041,-0.0106214
0.0184143,-0.0093408,-0.0081235
0.0126663,-0.0132816,-0.0006582
-0.0110551,-0.0032255,-0.003802
-0.0181633,-0.003652,-0.0035398
-0.0315061,0.0089245,0.0084408
-0.049301,0.0294337,0.0251378
-0.0477265,0.0157378,0.0189214
-0.0316255,0.0061255,0.0007357
0.0111867,0.020398,-0.0095745
0.0578827,0.009399,-0.0010592
0.0840133,-0.0042133,0.0086367
0.0766102,-0.0037031,0.0125939
0.031102,-0.0024622,-0.0003357
-0.0219082,-0.003898,-0.0265051
-0.053801,-0.0109204,-0.0367102
-0.0601173,0.0004306,-0.0324531
-0.0312408,0.0142245,-0.0108969
0.0123316,0.0067276,0.0249041
0.0330459,-0.0032082,0.0458173
0.029748,0.0006949,0.0439684
0.0048235,0.007002,0.0200112
-0.0207735,0.0076837,-0.0113857
-0.0340827,0.0065418,-0.0262551
-0.0266367,0.0059347,-0.0196112
0.0020602,0.0069745,-0.0082663
0.0233622,0.0073704,0.0029908
0.033802,0.0038735,0.0085888
0.0260245,-0.000998,0.0086449
0.00675,0.001951,-0.0014224
-0.0065612,0.003198,-0.0127949
-0.0145184,-0.0022265,-0.0141306
-0.0225245,-0.0012214,-0.0076663
-0.0190602,0.0046071,1.22e-05
-0.006148,0.0055153,0.0073531
0.0022857,0.0003459,0.0100714
0.0008143,0.0023388,0.0066929
-0.0013745,0.0130286,0.0033816
-0.0002184,0.0042551,0.0061357
-6.22e-05,-0.002149,0.0002602
-0.0024112,-0.001148,-0.0114031
-0.0050765,0.0045173,-0.0087755
-0.0037347,0.0072418,0.0039878
-0.001,0.0028347,0.0107367
0.0016959,-0.0004235,0.006251
0.0016878,0.0002459,0.0014092
-0.0056388,0.0013612,-0.0053551
-0.0094224,0.0013306,-0.0096388
-0.0080531,0.0042347,-0.0070439
0.000448,0.00845,-0.0029082
0.0099571,0.0044816,0.0034173
0.0157918,0.0052449,0.0095714
0.0177827,0.004851,0.0046918
0.0093184,0.006999,-0.0004949
-0.0003388,0.0084969,-0.0052653
0.005398,0.0037939,-0.0126306
0.0119071,0.0001663,-0.0105765
0.0060296,0.0018602,0.0020908
-0.0052296,0.0039724,0.0109296
-0.0142398,0.002202,0.0093347
-0.0196061,0.003501,0.0019643
-0.0197224,0.0016143,-0.003402
-0.0147898,0.0001551,-0.0040806
-0.0094571,0.0038653,-0.0011082
-0.0075112,0.0036367,0.006049
-0.0048163,0.0046959,0.0062969
-0.0005112,0.0048806,0.0008694
0.0034276,0.0048847,0.0009908
0.0072857,0.0054633,-0.0023061
0.0116857,0.0061653,-0.0066133
0.0172173,-0.0001673,-0.0058469
0.0122347,0.003301,-0.0013469
0.0030959,0.0041378,-0.0007398
-0.0059878,0.0014602,0.0015041
-0.0110847,0.0040898,0.0026408
-0.009848,0.0055245,0.0006163
-0.0076745,0.0047388,0.0030286
-0.0014163,0.0050408,0.0023163
0.0055653,0.0062112,0.0038071
0.0100888,0.0039235,0.0066867
0.0030796,0.0007398,0.0010888
-0.0021316,0.0040204,-0.008452
-0.001899,0.0032337,-0.0087541
0.000551,0.0042357,-0.006601
0.0040806,0.0043367,-0.0028245
0.002899,0.0027153,0.0066061
-0.0020357,0.0037857,0.0094704
-0.0081224,0.0026857,0.0041898
-0.0108571,0.0033714,-0.0063694
-0.005152,0.00275,-0.0075306
0.0005439,0.0050878,-0.0033694
0.0010122,0.0029408,0.0044918
0.001201,0.0036286,0.0044133
0.0050663,0.0050194,-0.0007898
0.0082255,0.0071857,0.001398
0.0037,0.0027857,0.0048582
-0.0040061,-0.0012592,0.0023643
-0.014449,0.0043663,-0.0042745
-0.0138878,0.0078418,-0.0066765
-0.0043602,0.0059286,-0.0006684
0.006749,0.0005714,0.0022561
0.0090694,0.0008541,-0.0013316
0.0069296,0.0067908,-0.0025245
0.0005582,0.00485,0.0009184
-0.0034643,-0.0001102,-0.0012449
-0.0063092,0.0040214,-0.0055204
-0.0015041,0.0043255,-0.0049551
0.0039408,0.0037082,0.0052102
0.0078347,0.0016153,0.0094367
0.0012235,-0.0022796,0.002099
-0.009252,0.0019153,-0.0018316
-0.0156439,0.0034714,-0.0012388
-0.0150245,0.005399,0.0014367
-0.0046602,0.0053204,-0.0010714
0.0017531,0.0064194,-0.0017735
0.0037745,0.0074612,0.0016102
0.0074602,0.0093857,0.0040122
0.010448,0.0085714,0.0012153
0.0148306,0.0048786,-0.0062143
0.0142388,-0.0049122,-0.0112245
0.0063051,-0.0027286,-0.0161878
-0.0102612,0.0061276,-0.0079214
-0.0182898,0.0067643,0.0016684
-0.0089959,0.0020929,0.0079929
0.0041112,0.0033418,0.0082592
0.0061806,-0.0043459,0.0056398
-0.0005592,-0.0120653,0.0010796
-0.0095296,-0.0010786,-0.0033316
-0.025648,0.0127551,0.006102
-0.0380592,0.0097102,0.0081796
-0.0278765,0.0036929,-0.0040786
0.0032571,0.0026102,-0.0028837
0.0237194,0.0107908,0.0154857
0.0323663,0.0134204,0.0297031
0.0266408,0.0100959,0.0241184
0.0159755,0.0019327,-0.0004
-0.0010082,-0.0026582,-0.0268378
-0.0171929,0.0024704,-0.0401061
-0.0140388,0.0053031,-0.0225194
0.0072602,-0.0038878,0.0139592
0.0145418,0.0055459,0.0259673
0.0094337,0.0048582,0.0111612
-0.0045694,-0.0028378,-0.0091367
-0.0133714,0.0075469,-0.0187245
-0.0109041,0.0041061,-0.0091898
-0.0072867,-0.0003714,0.0104582
-1.43e-05,0.0060327,0.015102
0.0077041,0.0073041,0.0167296
0.0082684,0.0053245,0.0128724
0.0059714,0.0047704,-0.0082071
-0.0043347,-0.0022163,-0.0214122
-0.0082531,0.0014071,-0.0210796
-0.0012929,0.0049276,-0.0050704
0.0072194,0.0034316,0.0161551
0.0111898,0.0016673,0.0236306
2.04e-05,0.0058633,0.0113439
-0.0094337,0.0011041,-0.0055143
-0.0187827,0.0023133,-0.0158133
-0.023799,0.0042408,-0.0136163
-0.0155602,0.0012735,0.0022888
0.000302,0.0028796,0.009248
0.0086235,0.0078061,0.0082122
0.0066367,0.0076173,0.006848
0.0030204,0.0044867,-0.005401
0.0095714,0.0052704,-0.019749
0.0094112,0.0098551,-0.0076816
0.0053816,-0.0043082,0.0066102
0.0033724,-0.0175755,-0.0007867
0.0054388,-0.0088082,-0.0131673
0.0091347,0.0031429,-0.0177969
-0.0067959,0.0167429,0.0015724
-0.0308,0.0223163,0.0274704
-0.0310969,0.0075969,0.0383755
-0.0129163,0.0112755,0.0395786
0.004499,0.0116,0.0202235
0.0054724,0.0054847,-0.0157622
0.0067867,-0.0051408,-0.0416347
0.0175286,-0.004799,-0.0399357
0.0153153,0.0009929,-0.0117122
0.0083561,0.0002133,0.0054929
-0.0020918,0.0015051,0.0067418
-0.0130959,0.0047347,0.0066898
-0.0141786,0.0042531,0.0121429
-0.0068449,0.0032327,0.0072888
-0.0007163,-0.0046918,0.0027173
0.0025061,0.0051755,-0.0001245
0.0039286,0.0108133,0.0029398
0.0023653,0.0088959,0.0035867
0.0010643,0.0020398,-9.9e-05
-0.0026316,0.004102,0.0024694
-0.0015663,0.0082071,-0.0036061
0.0050745,0.004852,-0.0072235
0.01425,-0.0001918,-0.0111969
0.0182582,0.0007633,-0.0094418
0.0114939,0.0022082,-0.0043265
-0.0078061,0.0017918,-0.0030582
-0.0148337,0.0094051,0.0064918
-0.0122602,0.0096969,0.020298
0.0002949,0.0049061,0.0123602
0.0083551,0.0006378,0.001298
-0.0019051,0.0019388,-0.0016133
-0.0160347,0.0030276,-0.0044714
-0.0111878,-0.0014429,-0.0048327
-0.0036184,0.000549,0.0043561
-0.0025408,0.0086888,0.0017653
-0.0034429,0.0065143,-0.0025194
-0.0006327,0.0026051,-0.0015908
0.009102,-0.0001969,0.0081255
0.0057622,0.0008816,0.0049878
-0.006,0.0029663,0.0049316
-0.0142378,0.0028286,0.0072296
-0.0172949,0.0066857,-0.0027133
-0.0148122,0.0063459,-0.0064214
2.04e-05,0.0060133,-0.0076398
0.0116561,0.0058469,-0.0027827
0.0176867,0.0106643,-0.0021765
0.0240102,0.006949,-0.0084255
0.0222612,-0.0020214,-0.0062602
0.0127245,-0.0002337,-0.0089551
-0.0001204,0.0049786,-0.0065959
-0.0135408,0.0001153,0.009851
-0.0155612,-0.0024367,0.0056857
-0.0132459,-0.0012867,-0.0043918
-0.0100949,0.0033245,-0.0033684
-0.0103276,0.0114255,0.0116337
-0.0093214,0.0063041,0.0265724
-0.008698,0.0019306,0.0270898
-0.0063071,0.0043418,0.0057714
-0.0007633,0.0071337,-0.0183143
0.013001,0.0027694,-0.0178622
0.021101,0.0045714,0.0030204
0.0235908,0.0025867,0.0194316
0.0106194,0.0054082,0.0166398
-0.0064214,0.0105204,0.009901
-0.0140398,0.0089888,0.002949
-0.0050459,0.0029398,-0.0051143
-0.0017092,0.004001,-0.0046
-0.0021184,0.0042765,0.0043327
-0.0130643,0.0008806,-0.0032714
-0.0289357,-0.0023643,-0.0192255
-0.0325449,0.0027071,-0.0282276
-0.0038408,0.0163694,-0.0303939
0.0362612,0.0229755,-0.0212663
0.0637714,0.0153204,0.0047184
0.0754051,0.0002265,0.0169255
0.0514898,-0.0029714,-0.0050408
-0.0092204,-0.0003531,-0.0280643
-0.0484571,-0.0102173,-0.0223653
-0.0727867,-0.0116908,-0.0136571
-0.0839102,-0.0122643,-0.0049714
-0.081351,-0.0017255,0.0113449
-0.0634102,0.006552,0.021351
-0.0151112,0.0017398,0.0184459
0.0286582,-0.0008663,0.0223704
0.0380031,-0.0111816,0.0247939
0.0107357,-0.0092408,0.0033071
-0.0240347,-0.0022388,-0.0066459
-0.0437051,0.0057684,-0.0051398
0.0471908,0.0668888,-0.6796724
-0.0840408,-0.1028296,0.2295214
-0.1266755,-0.0363918,0.4373398
-0.0061908,0.0113888,0.1988714
0.0680337,0.0297224,0.0197102
0.0960633,0.0199796,-0.1156827
0.0929439,0.0290878,-0.1059724
0.075448,0.0323918,-0.0391367
0.0532602,0.0111929,-0.0099643
0.0049367,-0.0248633,0.0004357
-0.0484133,-0.0203531,-0.0071969
-0.0781071,0.0031602,-0.0161378
-0.003098,0.0441143,0.0114449
0.0337306,0.0409,0.0369092
0.0810541,-0.0428418,0.0241796
0.0585908,-0.0235918,0.0163398
0.016801,0.0036327,-4.29e-05
0.0454694,-0.0228235,-0.036149
0.051548,-0.0137367,-0.0342653
0.0257684,0.0086439,-0.0033561
-0.0173939,0.0402816,0.0350939
-0.071051,0.063599,0.0458092
-0.0344296,-0.022052,0.0241612
-0.1111357,-0.032999,0.0041286
-0.3046306,0.3321622,-0.06575
-0.0500745,0.0685418,-0.041252
0.0540194,-0.1224582,-0.0312143
0.0840816,-0.1849898,-0.0284622
0.1281776,-0.2362378,-0.010052
0.1810153,-0.4831776,-0.2106582
-0.0662296,0.046898,-0.101352
-0.1229582,0.1969061,0.0534663
-0.1750684,0.3220429,0.1490908
-0.1110071,0.2275214,0.1351735
-0.0347398,0.0163122,0.0631061
0.0124306,-0.0209306,0.0746939
0.0662408,-0.0395551,0.006551
0.0203898,0.0003541,-0.0489061
-0.0226571,0.0125286,-0.0527214
-0.0333806,0.0025857,-0.0323765
-0.0057051,0.0150082,-0.011752
0.04415,-0.0286765,0.0204806
-0.1171582,0.4317,0.0051684
0.2869622,0.0308286,-0.1053071
0.2804531,-0.1978061,0.054451
0.1742367,-0.2257439,0.1336745
0.0389204,-0.1735918,0.1295918
-0.1585051,-0.0601276,0.0945327
-0.2601388,0.0148153,0.0591592
-0.2681469,-0.0693531,-0.0086
-0.2151235,-0.108402,0.0293357
-0.0723031,-0.2052122,0.0837061
-0.0273378,-0.1418571,0.0779449
0.0349224,-0.1315255,0.0209908
0.1134449,-0.1331286,0.0030122
0.2389714,-0.2042939,-0.2541061
0.3976316,-0.2369235,-0.8734061
0.2758265,-0.2411112,-0.1191684
0.138602,-0.1226265,0.2402969
0.1040316,-0.0731765,-0.126401
0.1413143,-0.1910296,-0.1384929
0.1414388,-0.2085735,0.156598
0.1687694,-0.1668163,0.0824684
0.2148388,-0.0329071,0.0111571
0.1323878,0.0270469,0.001248
-0.0257878,-0.0062551,-0.1492918
-0.0962327,-0.032648,0.0452684
-0.1058653,-0.1153224,0.2987898
-0.1186398,-0.0203449,0.1488286
-0.1153531,0.1188888,-0.2401704
-0.0596337,0.1654235,-0.1696122
0.0623908,0.1545204,-0.5745776
0.1389276,0.3063898,-0.6262939
0.0679867,0.2913388,0.0815622
-0.1262929,0.1261102,0.1246827
-0.2829224,0.1118092,-0.0213806
-0.272502,0.0122622,-0.0235673
0.0143939,-0.1480796,0.0285224
0.2690296,-0.1468847,0.1796031
0.5326551,-0.2169378,-0.0901735
0.6864612,-0.2625806,0.2406602
0.9274541,-0.2833837,0.5916031
0.746552,-0.1659071,0.6059816
0.3914418,-0.0334969,0.3042531
0.1133673,0.0125827,0.0185949
0.0194878,0.0031082,0.1929082
0.0409755,0.1286204,0.3651939
0.0950071,0.2819694,0.336002
0.0690837,0.335452,0.3474296
0.0057684,0.2609449,0.4076102
-0.0442051,0.1638735,0.4523378
-0.0829031,0.0704092,0.4518541
-0.1465378,0.0084398,0.3187796
-0.2292806,-0.0533153,0.2265296
-0.313798,-0.1267408,0.0777224
-0.3023704,-0.1338102,-0.0729571
-0.1580612,-0.1745541,-0.1918316
-0.0137755,-0.2294194,-0.3626316
0.00485,-0.1824531,-0.453949
-0.0669827,-0.0948061,-0.3526643
-0.0664908,-0.1022806,-0.274652
-0.0228765,-0.1635847,-0.3723143
0.0195816,-0.2044602,-0.5100153
0.0474827,-0.1483173,-0.5322092
0.0950612,-0.0908959,-0.4444245
0.1791551,-0.1085612,-0.3998031
0.2025051,-0.1446327,-0.4500286
0.1906378,-0.1692408,-0.4663959
0.4114214,-0.1766051,-0.1888755
0.7416592,-0.1392449,1.5001735
0.2111735,-0.1479949,-0.0020878
-0.0362316,-0.0592194,0.0921602
-0.005899,-0.0074082,-0.0200276
0.0710969,0.0389694,-0.1455214
0.1768724,0.0080327,-0.1825755
0.1806265,-0.047849,-0.3127622
0.2255388,-0.0702031,-0.2599735
0.2435653,-0.0206551,-0.1139337
0.2091469,-0.0353276,-0.1466949
0.1888173,-0.0746112,-0.033998
0.1000102,-0.1291296,0.23715
-0.0666429,0.0395898,0.1415684
-0.1396622,0.1358143,-0.0294398
-0.1109133,0.1063102,-0.0417786
-0.0122929,0.0239959,0.0021337
0.0583367,-0.037599,0.0525602
0.0574755,-0.0496796,0.1043378
-0.0201551,-0.0019367,0.1584469
-0.0549367,0.0449102,0.1510449
0.0108296,0.0198939,0.1075357
0.1019388,-0.0305673,0.0618122
0.0739571,-0.0202357,0.0391337
0.0057469,0.0350755,0.0460765
-0.0590347,0.1008888,0.0247755
-0.0607449,0.1121102,-0.0233153
-0.0022,0.0561918,-0.0040398
0.0268071,0.0163531,0.0140918
0.0252673,0.0031582,-0.006401
-0.0436408,0.0496082,-0.0427418
-0.0850459,0.0757378,-0.0163378
0.0393306,-0.0006571,-0.0028388
0.031401,-0.0569092,0.0549296
0.0648888,-0.0685878,0.0210857
-0.0268684,-0.0088367,-0.025548
-0.0276449,0.0084827,-0.0336878
0.0302398,-0.0284071,-0.0105918
0.0704337,-0.0660765,0.0055163
0.0115092,-0.0255704,-0.0504796
-0.0481367,0.0365561,-0.0458235
-0.0306898,0.070148,7.04e-05
0.0125245,-0.002452,0.064548
0.0218439,-0.0260061,0.0059388
0.0105286,-0.0122357,-0.011449
0.0011724,0.0038041,-0.002301
-0.0006306,0.010851,0.031748
0.0053969,0.0088439,0.0263898
0.0221806,-0.0208888,0.0092612
0.0289337,-0.0376347,0.0069214
0.004201,-0.0113082,0.0316531
-0.0261071,0.0190694,0.0467653
-0.0390724,0.0311153,0.0300082
-0.0171571,0.0137265,-0.002349
-8.88e-05,-0.0124347,-0.0208031
0.0147061,-0.0165194,-0.020248
0.0063102,-0.0033888,-0.0042765
-0.0118908,0.0126122,0.0162827
-0.0160888,0.0182837,0.0239551
-0.0036306,0.0103296,0.0115378
0.0015102,-0.0062,0.0041857
0.0045163,-0.0136449,0.0047245
0.0086796,-0.0222408,0.0116776
0.0149918,-0.0361949,0.0461194
0.0227612,-0.0401153,0.0612571
0.0128714,0.0114418,-0.2398653
-0.0863878,0.0667224,-0.0037133
-0.0076469,0.0455704,0.1644163
0.016501,0.0236245,0.1197255
-0.0004204,0.0172388,0.0153816
