accx,accy,accz
0.0435367,-0.0085194,-0.089899
0.0335969,-0.0062265,-0.1618214
-0.0301102,0.0333837,-0.1443969
-0.0190306,0.011549,-0.073549
0.0744561,-0.0738429,0.0983878
0.0650102,-0.0809082,0.1016878
-0.0012786,0.0041857,0.048599
-0.0394867,-0.0157041,-0.0046
-0.0005898,-0.0981602,0.0393765
-0.0216082,-0.0408633,0.0446929
-0.073602,0.0512786,-0.0505837
-0.0322969,-0.0385643,0.0235306
-0.0736194,-0.0693939,0.0252796
-0.1021704,0.0077969,0.0756776
-0.2112255,0.0836153,0.4036633
-0.0536755,0.1621704,0.4516541
-0.0491204,-0.0177347,0.2305357
0.0021908,0.0230786,-0.0845316
0.1453265,0.0573408,-0.3089184
0.2825071,0.058551,-0.1840867
0.2403245,0.091051,-0.0156122
0.2597969,0.0005347,0.0628082
-0.5800031,0.1662541,-0.1371459
-0.4464939,-0.0274327,-0.3788296
0.0283908,0.0405071,0.2595908
0.1064939,0.071501,0.2387929
0.1126724,0.0223265,0.0589939
0.222398,0.0392878,-0.0752827
0.0579653,0.1057276,-0.3826276
-0.0020592,-0.0041531,-0.3925592
0.0480439,-0.0095735,-0.1743735
-0.0046245,-0.1038031,0.0669378
0.011301,-0.2041939,-0.0115898
0.0255306,-0.1932245,-0.0687224
-0.3406898,-0.0862582,-0.3401806
-0.4967378,-0.2965133,-0.3275867
-0.5259031,-0.5050786,0.0184765
-0.5871796,-0.6127949,-0.0076745
-0.6914918,-0.6910337,-0.1010888
-0.5790286,-0.6761102,-0.3610306
-0.4140092,-0.7115306,-0.2632949
-0.2675663,-0.6450918,0.4990429
-0.0724367,-0.4972837,1.0281949
0.3738694,-0.37665,0.8376378
0.7927561,-0.1334286,0.3675949
0.9591765,0.1661765,-0.0693306
0.9060388,0.4147357,-0.1888867
0.9472776,0.5248551,-0.0222459
1.0202194,0.5405755,-0.0150561
1.074399,0.6535316,-0.5920214
1.0197051,0.8031092,-1.4063255
0.9832041,0.8617888,-1.4228806
0.8258184,0.7983908,-1.1124398
0.2828153,0.4708827,-1.7862469
-0.0996714,0.0782388,-1.3001878
0.7708551,0.1214663,-0.3849
0.2457204,0.4697408,0.1891898
-0.1887112,0.4818286,0.3451745
0.0318367,0.3331806,0.3130378
-0.4843622,0.0626653,-0.0438551
-0.7261724,-0.2537102,0.2338082
-0.8382255,-0.5211551,-0.4308265
-0.8227398,-0.5734296,-0.3063286
-0.8257643,-0.4219541,-0.2921133
-0.6648561,-0.2095663,-0.4627612
-0.3451082,-0.1706439,-0.2453265
-0.1537286,-0.1932847,-0.0969622
0.329898,-0.3425694,0.2148541
1.1377153,-0.2978245,0.1563133
1.3355602,-0.0595755,-0.1180653
0.9603888,0.0470133,-0.4140449
0.2995235,0.124302,-0.2293776
-0.1672469,0.2201245,-0.5000929
-0.3164684,0.1497571,-0.2123071
-0.0246184,0.0804837,-0.1421439
-0.0163582,-0.0489949,-0.4119153
-0.1691,-0.1105908,0.022401
-0.3637776,0.1210969,0.4702102
-0.3912071,0.1589847,0.6042592
-0.4078959,0.2423459,0.4365449
-0.4025582,0.330801,0.1856173
-0.3797092,0.3349408,-0.0432224
0.0452541,0.1859806,-0.6744469
0.1593276,0.0220939,-0.2321745
-0.07595,0.290451,0.0986684
-0.2075459,0.5508092,0.1517806
-0.1719653,0.6102908,0.1564245
-0.0761622,0.5220918,0.1263418
0.1930673,-0.3941714,0.146098
1.1532929,-2.5319786,1.2369786
1.0198316,-2.2255347,1.064049
-0.1026418,-0.887799,0.1636541
-0.5534622,0.0868571,-0.415549
-0.3534612,0.4158449,-0.3954439
-0.3328143,0.4559429,-0.318498
-0.3210776,0.2590459,0.012498
-0.0953082,-0.1081735,0.2481347
0.1872776,-0.3072765,0.53195
0.1985347,-0.166699,0.6008888
0.2065122,-0.011551,0.4250051
0.2509357,0.0159765,0.1958286
0.3203286,-0.0545827,-0.0136796
0.2556102,-0.2360724,-0.2172459
0.2127367,-0.2693265,-0.2459694
0.2631194,-0.1401929,-0.1507061
0.2705255,0.0511612,-0.1195255
0.2419265,0.1144816,-0.1788133
0.228249,0.0436592,-0.1581245
0.253402,-0.0201796,-0.0079071
0.2841949,-0.0060224,0.1431224
0.215748,0.0269265,0.0874776
0.1007306,0.0350867,-0.1201418
0.0256959,0.0131592,-0.1950041
-0.0974214,0.0250878,-0.1586806
-0.1688224,0.0306541,-0.0464806
-0.1236888,0.0050816,0.0759071
-0.053898,0.020098,0.0895102
0.0240755,0.0298378,0.0048755
0.1164224,-0.0099796,-0.1177612
0.2221837,-0.1090643,-0.1000827
0.3104245,-0.2133429,0.0559429
0.3863755,-0.3110265,0.2461959
0.4455102,-0.4178776,0.4219255
0.270502,-0.4634949,0.2598776
0.0495235,-0.5010755,-0.2839429
-0.0747388,-0.4016582,-0.6094102
-0.0998469,-0.2429837,-0.5310276
-0.16325,-0.1546316,-0.1025082
-0.213098,-0.1719929,0.1677612
-0.147998,-0.2718898,0.0579755
-0.1540571,-0.2728827,-0.0065561
-0.1349153,-0.2165806,0.1488888
0.0947041,-0.1806531,0.3187469
0.2847918,-0.2664857,0.000648
0.2698153,-0.4305816,-0.0542122
0.0292459,-0.4798796,0.1055439
-0.1931276,-0.2855888,0.2122122
-0.1645133,-0.1114765,0.2468592
-0.2652245,0.0271755,0.0640388
-0.40045,0.127549,0.125502
-0.4797092,0.2472776,0.2087224
-0.4163061,0.3248755,0.2390122
-0.3837806,0.3851316,0.1234827
-0.4080194,0.3800041,0.1057531
-0.4383276,0.2813643,0.2186643
-0.4753878,0.2228714,0.3269684
-0.346849,0.2383908,0.304652
-0.1950184,0.3012969,0.2483571
-0.0937837,0.3569541,0.130298
0.0947051,0.3460204,0.1080867
0.1303704,0.2962153,0.2397857
0.0644398,0.2546786,0.2390724
0.0089214,0.2069633,0.1341786
-0.1693265,0.1625857,0.0078643
-0.0559878,-0.0522908,-0.8639837
0.4978,-0.7131469,-1.0882582
-0.1535347,-0.6236745,0.9769704
-0.104002,-0.2842735,-0.1638092
-0.0597918,-0.1026724,-0.0594153
-0.3372908,0.0925296,0.1249888
-0.2521837,0.0121959,0.1977602
0.0822469,-0.2361041,0.2566122
0.0942051,-0.3147561,0.1973357
-0.0766031,-0.1769918,0.160102
-0.1233622,-0.0374939,0.1130653
-0.0596408,-0.0184918,0.0475163
0.0807755,-0.0861265,-0.0791827
0.15555,-0.0595051,-0.0689153
0.1204439,0.0281306,-0.1280939
0.0818643,0.1010153,-0.1433398
0.0047051,0.2010143,-0.1688122
-0.0126306,0.2121214,-0.1503582
0.0465837,0.1552082,-0.1545255
0.1155643,0.0919582,-0.1068337
0.1531816,0.0883112,-0.1087531
0.1722102,0.1151653,-0.1839806
0.1646041,0.1233796,-0.24995
0.1360286,0.0828959,-0.2201643
0.1237112,0.0463643,-0.0951643
0.1366745,-0.011598,-0.0203684
0.0952224,-0.0467122,-0.0691398
0.0323061,-0.0339867,-0.169351
0.009202,0.0159765,-0.2377296
0.0638296,-0.0314745,-0.1749133
0.1065051,-0.2323082,-0.0853908
0.0489918,-0.390348,-0.0352367
-0.0355306,-0.4443796,-0.0076939
0.0128673,-0.4505082,0.128052
0.1902439,-0.368798,0.3142449
0.1155296,-0.2893745,0.1684051
-0.0390173,-0.3425745,-0.2337347
0.0771316,-0.4358806,-0.78695
0.0552796,-0.4099765,-0.8159265
-0.2285531,-0.2097235,0.1844255
-0.2600796,-0.0347592,0.7649867
0.122851,-0.0666663,1.1047622
0.7460031,-0.3954378,-0.6299816
0.2952878,-0.5635408,-0.4220071
-0.2537776,-0.4499735,0.2429306
-0.0991173,-0.3856051,0.0809082
-0.0824837,-0.2644837,0.1049194
-0.2212235,-0.0691163,0.0719378
-0.5056735,0.1682357,0.3416082
-0.7210918,0.427201,0.4392939
-0.7553816,0.6301041,0.2454061
-0.643752,0.5413592,0.1279929
-0.5279765,0.3066959,0.0714796
-0.5817796,0.2915939,0.1351265
-0.7985867,0.4717418,0.469402
-0.6110337,0.5197551,0.3928786
-0.1545857,0.4430582,-0.0900469
0.2921327,0.1041418,0.0099408
0.0429622,-0.0449194,0.1573908
0.7985653,-0.4511173,-0.3242112
0.5504092,-0.629151,0.3552102
-0.6714551,-0.127651,-1.017199
-0.0954357,-0.2259918,0.879599
-0.194952,-0.2489031,-0.606048
-0.328598,-0.0605388,0.226499
0.0085296,-0.0569837,-0.3280602
-0.0639194,-0.0208878,0.0369276
-0.108649,-0.0238663,-0.0861337
-0.1081796,-0.1084541,0.0402388
-0.0261469,-0.3509439,0.0859684
0.0866265,-0.4486316,0.0669408
0.1494112,-0.2353357,0.0030224
0.154501,-0.0271602,-0.0223418
0.0948561,0.1207663,-0.0465418
0.04215,0.22135,-0.1756337
0.0212306,0.2595398,-0.3451653
0.1201959,0.2208888,-0.28955
0.2273867,0.2177337,-0.213701
0.2569612,0.2388092,-0.1932531
0.2611082,0.2267071,-0.2759082
0.2413429,0.1343694,-0.3140827
0.2341051,0.0151133,-0.2732204
0.2922939,0.0222673,-0.1038153
0.2526143,0.0786765,-0.0273255
0.1027102,0.0715857,-0.033698
-0.0368908,-0.0079745,-0.1317571
-0.0944418,-0.0940755,-0.1421582
-0.0858745,-0.1613061,-0.0622316
-0.0467031,-0.2244612,-0.0030551
0.0404133,-0.2984286,0.0616082
0.1335622,-0.4531755,0.1379714
0.1338429,-0.5096888,0.0348367
0.2248133,-0.472101,-0.0580776
0.177851,-0.5403031,-0.2502755
-0.1062306,-0.5216408,-0.6241245
-0.2462776,-0.3504531,-0.8586857
-0.1990276,-0.2497837,-0.6248724
-0.3931286,-0.1479776,0.1769847
-0.4226194,-0.0461653,0.8176173
-0.0592112,-0.076701,0.8867847
0.4838041,-0.2886551,-0.2386765
0.4140755,-0.4414061,-0.3016694
0.0414153,-0.4763061,0.1048112
-0.0655051,-0.3753673,0.0926082
-0.096149,-0.1752224,0.1085071
-0.3121929,0.1117633,0.0325765
-0.6495255,0.3755602,0.2745765
-0.811499,0.603798,0.3713969
-0.6728908,0.560852,0.0792031
-0.553499,0.3284378,0.0480327
-0.5291224,0.1580173,0.0929776
-0.6436469,0.2855745,0.3089
-0.6225255,0.4525561,0.3454704
-0.5279398,0.5289602,0.218549
0.0354204,0.28975,0.0150704
0.1258878,0.0791786,0.095301
-0.042799,0.027499,0.313298
0.320298,-0.1471143,-0.2505673
0.8338163,-0.5549704,-0.8600245
-0.3701633,-0.5030816,-0.2986347
-0.3638184,-0.1992684,0.1222306
-0.035902,-0.1085347,-0.3429969
-0.2795071,-0.0261224,0.0049418
-0.132851,-0.0600092,-0.1055418
0.1146612,-0.2259367,0.0802469
0.0252745,-0.2226143,-0.0093837
-0.2005347,-0.0970388,0.147952
-0.1994582,-0.1036582,0.1106163
-0.0158041,-0.24765,0.0438112
0.2296163,-0.3568633,-0.0975898
0.2363469,-0.1695969,-0.1485643
0.1677347,0.0286765,-0.097149
0.0736724,0.2281969,-0.2270551
0.0175429,0.3528051,-0.2850959
0.104501,0.35985,-0.2938704
0.2396867,0.3034194,-0.1728724
0.2703204,0.2831296,-0.0821602
0.2067918,0.2713949,-0.2923378
0.2113949,0.1617592,-0.4690061
0.1912561,0.0514429,-0.3500571
0.182448,-0.0249133,-0.0980612
0.159901,-0.0883306,0.0647857
0.1513622,-0.0944663,0.0300378
0.1237224,-0.0432173,-0.0455153
0.1121939,-0.0805245,-0.057001
0.0479888,-0.1300531,-0.1375888
-0.0025847,-0.1422745,-0.2016071
0.0477357,-0.2201133,-0.1504582
0.148752,-0.3697959,-0.0018469
0.27665,-0.5847041,0.1645776
0.2526367,-0.6099541,0.0575612
0.0362276,-0.4723939,-0.3307551
-0.1407571,-0.333402,-0.5883245
-0.0450724,-0.2546337,-0.4896306
-0.0705622,-0.2171745,-0.19805
-0.2555245,-0.1980153,0.3229908
-0.2719714,-0.1430571,0.6531327
0.1149031,-0.0866429,0.3399796
0.5930816,-0.1986245,-0.2211918
0.3598388,-0.302752,-0.1070071
-0.2429357,-0.1663173,-0.0883714
-0.140799,-0.1117694,0.2859255
0.0153418,-0.1974561,0.1985041
-0.1493765,-0.0786459,-0.0510888
-0.3703622,0.1213071,0.0466163
-0.5112551,0.3414398,0.1918173
-0.5682031,0.5252867,0.1914439
-0.4252398,0.5064265,0.026049
-0.3753439,0.3765378,-0.0450031
-0.4103388,0.1891878,0.1257
-0.5477276,0.3697112,0.2895449
-0.5082867,0.6158653,0.235351
-0.2336398,0.6165194,0.0848306
0.1924367,0.3057653,0.1202755
0.0280051,0.2135337,0.2009
-0.1020224,0.1977235,0.2493133
0.2875653,0.0458541,-0.384251
0.8505796,-0.4354388,-0.6525388
-0.4501449,-0.4370255,-0.1303806
0.0226255,-0.3814898,0.2318612
-0.1169337,-0.256998,-0.4694204
-0.3245561,-0.0675847,0.2120867
-0.1075122,-0.1197571,-0.1702378
0.1365816,-0.3084918,0.1365949
0.1738694,-0.3519184,0.0961296
0.0445439,-0.1660582,0.1852673
-0.0016031,-0.0663,0.1430051
0.0650061,-0.133501,0.0628337
0.1830745,-0.215548,-0.0705612
0.1477786,-0.116902,-0.1114939
0.0591327,0.0178735,-0.1399908
0.086348,0.1048418,-0.1503765
0.115799,0.1864755,-0.1793122
0.1331378,0.2198122,-0.2013224
0.1838888,0.228302,-0.1716449
0.208751,0.2596898,-0.1722449
0.2278265,0.2944724,-0.2496469
0.2602867,0.2979051,-0.3639265
0.308502,0.2503316,-0.3516847
0.3065306,0.159751,-0.2084755
0.2149939,0.0481194,-0.1363235
0.1319684,-0.0076735,-0.1800918
0.0944449,-0.018898,-0.1604163
0.0748214,-0.0786194,-0.1428439
0.0962806,-0.1410827,-0.1176949
0.172,-0.1605827,-0.0273837
0.2245173,-0.2054694,0.0908816
0.2135643,-0.3145531,0.1676153
0.1388561,-0.4119571,0.1735071
0.0580704,-0.4121857,0.0511214
-0.0092316,-0.3897786,-0.1426459
-0.0329714,-0.436899,-0.320848
-0.0002347,-0.4696959,-0.5462776
-0.048301,-0.4039582,-0.7250102
-0.2070439,-0.3229816,-0.4065112
-0.4361031,-0.2782541,0.2566276
-0.4405316,-0.2512592,0.6234061
-0.1814112,-0.2500276,0.6949469
0.2853173,-0.3787765,-0.2772265
0.5816408,-0.5736286,-0.7536806
0.2174092,-0.4751112,-0.1293643
-0.0879827,-0.2879347,0.2346367
-0.2702918,-0.0840561,0.2891847
-0.2826786,0.0939122,0.1115592
-0.4771929,0.2844918,0.0446214
-0.7724184,0.5856143,0.2724449
-0.8064929,0.7716102,0.295001
-0.661101,0.6494449,0.100801
-0.5489633,0.3361184,0.1131439
-0.6207286,0.3489561,0.3198714
-0.7214908,0.5905735,0.4264929
-0.593448,0.6780571,0.3063724
-0.2250357,0.5262031,-0.0118745
0.1435439,0.2140837,0.0960112
-0.1463878,0.2009949,0.4089184
0.0464959,0.0520908,-0.660501
1.5161306,-1.1534439,-1.1899551
-0.0320286,-1.1186847,0.7408061
-0.2832173,-0.4665378,-0.0428714
-0.2353776,0.136848,-0.1967816
-0.4191255,0.3296163,-0.0156184
-0.2400949,-0.0553388,-0.2918796
0.0262592,-0.5965684,-0.0101653
-0.2226582,-0.5661429,-0.092399
-0.4640408,-0.1773776,0.0911071
-0.3932153,0.0373898,0.0254531
-0.1406776,-0.0726204,0.101849
0.147448,-0.2779755,0.1435327
0.2090163,-0.2243867,-0.0154633
0.0902878,-0.0202969,-0.0504969
0.0599898,0.0872286,-0.126148
0.0871357,0.1264153,-0.1232653
0.1381735,0.1559622,-0.1668806
0.1830888,0.1782806,-0.1953571
0.1995112,0.179698,-0.1161939
0.1926541,0.1995071,-0.1322276
0.1808888,0.2205133,-0.1472337
0.2287847,0.1556429,-0.0568939
0.2283337,0.1191673,-0.0494306
0.1536367,0.1389898,-0.1591204
0.1659398,0.0708347,-0.1872929
0.1329337,0.0163949,-0.1217184
0.0424398,0.0385337,-0.0510163
-0.0483194,0.0572388,-0.0043194
-0.1143347,0.0273561,0.0461949
-0.164601,-0.0012337,0.0682061
-0.1976082,-0.0136235,0.0387735
-0.1176347,-0.0045847,0.0015347
0.0637551,-0.0301714,-0.0103592
0.2482255,-0.1699235,-0.0405561
0.3512357,-0.3152173,-0.076352
0.3388265,-0.388048,-0.1009949
0.2731867,-0.4257776,-0.2105153
0.2111265,-0.3479327,-0.2437643
0.2364582,-0.3382714,-0.1476459
0.168998,-0.322151,-0.1300796
0.1328561,-0.3399643,-0.3089388
0.2002357,-0.3882592,-0.4105378
0.2129531,-0.3157408,-0.1660112
-0.0599071,-0.2256837,0.3290602
-0.3207429,-0.1417306,0.2881122
-0.4045051,-0.0325408,0.2357398
-0.3519724,0.0644643,0.1869694
-0.0790908,-0.0130235,-0.7809316
-0.1012796,0.0121153,-0.6805622
-0.1158592,0.0693602,-0.1919357
0.0725296,-0.0473041,-0.1591286
0.0130133,-0.0925837,0.1501265
-0.1384031,0.0761469,0.1793408
-0.1836245,0.2551765,-0.0721082
-0.2302398,0.348449,-0.0154214
-0.2055704,0.3790776,0.1551418
-0.2123888,0.3458571,0.1929418
-0.2527653,0.3195184,0.1639592
-0.2746551,0.3396959,0.195451
-0.2499531,0.3691316,0.2717959
-0.2529745,0.3909796,0.4153898
-0.1908684,0.3947806,0.5382867
-0.084749,0.3523337,0.5316847
-0.0215612,0.3009071,0.4667133
0.0341143,0.2229204,0.3578898
0.1653367,0.0184265,0.4156827
0.3023786,-0.1875357,0.4350173
0.5995102,-0.299799,0.3869357
1.111451,-0.3032837,-0.602249
2.0459173,-0.796001,-1.7297255
1.4980735,-0.4923765,-2.2464153
0.4495429,0.2305531,0.0589531
0.134102,0.1435745,-0.5382459
-0.2353847,-0.2006786,-0.1759408
-0.38335,-0.4453622,0.6594959
-0.5019673,-0.3727571,0.1695673
-0.3909908,-0.0136041,-0.0036582
-0.2067765,0.2435429,0.1972704
-0.1560622,0.1782929,0.3021959
-0.20655,-0.0609255,0.4485245
-0.2788204,-0.1729929,0.3562367
-0.2114735,-0.1514224,0.2080378
-0.1072194,0.0056133,0.0706643
-0.0521714,0.1311459,0.1054031
0.0698622,0.1349153,-0.754852
0.1818684,-0.0432296,-0.8757071
0.1889908,-0.1235061,-0.2473643
0.1313051,-0.0261,-0.0254898
0.1108929,0.0633337,0.0319255
0.1463082,0.0851449,0.0681143
0.1711816,0.0516245,0.0917439
0.1454173,0.0237582,0.0799878
0.1154694,0.0613071,0.0605867
0.1202031,0.0943163,0.0353561
0.1550429,0.0577122,0.0251918
0.1655092,0.0348388,0.0126327
0.1531653,0.0835194,-0.0143306
0.1790786,0.0997418,-0.0470714
0.2186551,0.0408296,-0.0853949
0.1935643,0.0022541,-0.2718827
0.2180276,-0.0291847,-0.5219337
0.2114724,-0.0147245,-0.3371398
0.1634276,0.0109388,-0.0428337
0.1403531,0.0143082,0.0870561
0.1256245,-0.0565255,0.0235786
0.1760449,-0.3138714,-0.1444531
0.2501622,-0.6635541,-0.5421
0.0442041,-0.74775,-0.9815643
-0.35145,-0.5470827,-1.2132939
-0.7310235,-0.3502122,-1.0299939
-1.0035469,-0.2164643,-0.170302
-0.9117918,-0.2941827,0.4431408
-0.6554378,-0.5389418,0.4382622
-0.1337398,-0.6732122,-0.1833592
0.4448765,-0.7739653,-0.3156214
0.3995969,-0.7763418,-0.2715235
-0.3017694,-0.2620571,0.0704459
-0.5578684,0.1113316,0.0715796
-0.4511388,0.2180908,-0.0679602
-0.4156633,0.2788357,0.1384796
-0.4518071,0.3057388,0.1900112
-0.4947867,0.3744082,0.2801653
-0.4061061,0.4408551,0.2322112
-0.186598,0.3921286,0.1524071
-0.065052,0.3296939,0.1388184
0.0089612,0.4055398,0.2333265
0.1075898,0.5449694,0.1181745
0.1269418,0.4642122,0.1018592
-0.0824408,0.3168194,0.1507357
-0.0773408,0.2239367,0.0132561
-0.0459204,0.16025,-0.161848
0.065148,-0.0240327,-0.9347286
0.355698,-0.5785816,-0.666701
-0.2936684,-0.6613918,0.3051041
-0.2495153,-0.5692418,0.0943265
-0.1541551,-0.4114398,-0.1396847
-0.4411337,-0.0149531,0.0628541
-0.3055714,0.0131765,0.0131459
-0.0629357,-0.245002,-0.1648184
-0.2328245,-0.2311204,-0.0263898
-0.3239173,-0.0238469,0.0850194
-0.1877694,-0.0123265,0.1611112
0.0820541,-0.1828929,0.134051
0.3380714,-0.3554418,0.0689224
0.405949,-0.2257796,0.0101153
0.3016735,0.0621316,-0.0832602
0.2490816,0.2399704,-0.1828612
0.2868867,0.2974133,-0.1823204
0.3348041,0.293702,-0.1548408
0.4050908,0.2755459,-0.1857082
0.4464316,0.2693735,-0.2029857
0.4378704,0.2704102,-0.1945571
0.3800765,0.2377939,-0.2207378
0.3109735,0.0712633,-0.1479204
0.2501857,-0.0994347,-0.1403837
0.1231684,-0.0880694,-0.1618327
0.0534398,-0.0203878,-0.0439061
-0.0059031,-0.0137714,0.0003214
-0.0084459,-0.0565204,0.0752714
0.0183051,-0.1264918,0.1726388
0.0301439,-0.209101,0.0788612
0.0423827,-0.2833622,-0.1306388
0.0197673,-0.4050092,-0.308851
0.0192745,-0.5034429,-0.3420776
0.1437939,-0.5658755,-0.0685908
0.0783837,-0.4765878,-0.1354143
0.1425276,-0.3313643,-0.5552898
0.0852827,-0.1930776,-0.4126663
-0.2415837,-0.0039082,0.1446184
-0.2304378,0.0596051,0.2732245
0.0095224,-0.0175398,0.5396143
0.6040102,-0.3779143,-0.6042408
0.4838347,-0.7192959,-0.827298
-0.0305337,-0.4952827,0.4381765
0.2939296,-0.4220847,-0.0073163
0.1995388,-0.2857306,-0.1421092
-0.1331847,-0.0029408,0.1236204
-0.5419592,0.2867255,0.1814571
-0.8231041,0.5161653,0.138299
-0.8126735,0.5647459,0.0924102
-0.7257255,0.4872439,0.0556541
-0.6655153,0.4670551,0.0050439
-0.5673735,0.5545041,0.0084306
-0.6221837,0.6542949,0.153
-0.5517153,0.6151112,0.2281857
-0.1874306,0.4186296,0.1412592
0.1104276,0.1297684,-0.0043469
-0.1558612,0.0762643,0.3618408
0.0674082,-0.0823408,0.1265724
1.1714041,-0.6063388,-1.7153255
-0.0633337,-0.6743163,0.3989173
-0.2308786,-0.5736582,-0.0828194
-0.0681265,-0.2526857,-0.4298755
-0.2352367,0.1792388,0.0533724
-0.4012612,0.4018439,-0.2781388
0.0427714,-0.0796031,-0.0866745
0.1267041,-0.5070806,-0.0852255
-0.0307449,-0.5349776,0.0341143
-0.0936163,-0.4261316,0.0573633
-0.1474398,-0.224048,0.0100551
-0.1267388,-0.0608316,-0.0452551
-0.0666969,0.0208959,-0.0651908
-0.0371265,0.0646214,-0.1652847
-0.0036143,0.0999194,-0.1684847
-0.0100918,0.1466306,-0.1353786
-0.0974082,0.244898,-0.2316582
-0.0599408,0.2863112,-0.3583347
-0.0398643,0.311949,-0.3156173
0.0175153,0.2831286,-0.2117204
0.1666673,0.1986939,-0.2337663
0.290901,0.1055071,-0.2273163
0.3699184,0.0284408,-0.1577888
0.4044806,0.0102286,-0.1347888
0.3840959,0.0121439,-0.1503092
0.3350786,-0.01825,-0.1749663
0.1723969,-0.0295184,-0.1507929
0.0318143,-0.0691939,-0.1057796
0.0069041,-0.1680041,0.0089796
-0.0220612,-0.2721408,0.1106367
-0.1655837,-0.3245776,0.1112582
-0.2092541,-0.4048357,0.0407214
-0.1264051,-0.5302143,-0.0488296
-0.1165694,-0.492252,-0.2005531
-0.029099,-0.3559173,-0.5550561
0.0420408,-0.2733031,-0.6804816
-0.068351,-0.3062082,-0.2852439
-0.1148602,-0.3731051,0.0934633
-0.0942367,-0.3693816,0.1789704
-0.1214898,-0.2968469,0.0864153
0.0049571,-0.3131847,0.1038592
0.2914122,-0.4301122,-0.1407367
0.1866255,-0.4514969,-0.0241286
0.0591204,-0.4034796,0.4113765
-0.0367918,-0.3814724,0.0634204
-0.2957031,-0.095248,0.0982153
-0.5881112,0.2211051,0.2098031
-0.8317327,0.5466837,0.406651
-0.9211918,0.7365806,0.3019745
-0.7608653,0.5940255,0.2104255
-0.610052,0.4526694,0.2196061
-0.4966847,0.4655388,0.2625531
-0.5817806,0.5217643,0.3772265
-0.7803959,0.626849,0.3430337
-0.3676051,0.4969694,0.4172561
0.014849,0.1881735,0.1879898
-0.2305276,0.0774663,0.3490235
0.1583367,-0.472102,-0.2176082
0.7054194,-1.3422245,0.6310092
1.0060163,-1.8331306,-0.5380347
0.2613622,-0.7143449,-0.16075
-0.5512194,0.4236347,-0.2161459
-0.7218561,0.7518357,0.1657378
-0.634799,0.5056112,0.1706612
-0.2758061,-0.1864051,0.3556143
0.1939,-0.8130582,-0.0328735
0.3972847,-0.6986541,-0.0947816
0.1399459,-0.088452,0.0523194
0.0485051,0.2412582,-0.1522214
0.1177041,0.2855327,-0.3553776
0.1806296,0.1580684,-0.2064367
0.1506582,0.0134102,-0.1825327
0.1839041,-0.0561551,-0.1470561
0.1823327,0.0410684,-0.037098
0.1412265,0.2175378,-0.0037031
0.1068296,0.3196602,0.001801
0.0986949,0.2770898,0.049299
0.103,0.1484673,0.0568184
0.0661245,0.0385796,-0.0176286
-0.0202582,0.0039041,-0.1247857
-0.0416643,-0.0115786,-0.0834265
-0.0470469,-0.0136071,0.0076082
-0.0557857,0.0244061,0.0040265
0.0265235,-0.0010204,0.004998
0.1480888,-0.1156755,0.0408684
0.2026276,-0.2132173,0.1029949
0.2047265,-0.2790939,0.161749
0.1943173,-0.3433918,0.156951
0.2153816,-0.3558112,0.0443878
0.1871408,-0.3932582,-0.0813561
0.1005153,-0.4766418,-0.2728959
0.0578959,-0.4789153,-0.5318888
0.0677357,-0.3542888,-0.5326714
-0.1058643,-0.2064857,-0.1536367
-0.2770041,-0.1589816,0.2630051
-0.2860041,-0.2198531,0.4399398
-0.1097163,-0.3496276,0.1040429
0.0229908,-0.4871969,-0.0234612
0.1989776,-0.4903276,-0.0629194
0.4633071,-0.5358878,-0.1578224
0.2532939,-0.4120184,0.2561469
-0.2894551,-0.0626102,0.243798
-0.4412102,0.1646051,0.2410531
-0.4912316,0.3245388,0.2239531
-0.63705,0.5042571,0.2940041
-0.7156531,0.6389582,0.288601
-0.71755,0.6291969,0.202002
-0.6729092,0.539302,0.1460776
-0.5835224,0.4269184,0.1640214
-0.6521143,0.378148,0.2454051
-0.6162102,0.4263031,0.3811041
-0.062552,0.3430602,0.2436051
0.1809143,0.1930143,0.2121551
0.2340204,0.0988112,0.1092908
0.5799429,-0.2741255,-0.4499663
-0.4459541,-0.5359316,-0.153199
0.1615551,-0.7859888,0.0251306
0.1775469,-0.9703265,-0.5375888
-0.476402,-0.5218235,-0.0597071
-0.7137816,0.2086276,-0.1193714
-0.4795633,0.1601429,-0.1122122
-0.2498878,-0.1958051,-0.049052
-0.1377551,-0.4493163,0.1101704
0.0901459,-0.6140153,0.1408541
0.0385378,-0.2955837,0.1527959
-0.0117551,-0.0365357,0.0840673
0.0492622,0.0079367,-0.0277286
0.1007102,0.0134888,-0.061152
0.0877357,0.0848745,-0.120799
0.0413531,0.190202,-0.1641245
-0.0244867,0.2992224,-0.2738122
-0.0846459,0.3793276,-0.4141745
-0.0463061,0.3368776,-0.3083908
-0.0113776,0.2105786,-0.1273622
0.0126643,0.1185612,-0.0662408
0.0181439,0.0987867,-0.1397959
0.0917153,0.0736224,-0.121749
0.1388888,-0.0168245,-0.1209439
0.1495112,-0.1094408,-0.1629041
0.1291408,-0.1187,-0.1374908
0.1115745,-0.0661082,-0.0461316
0.0685184,-0.0271827,-0.016299
-0.0021347,0.004501,-0.0289602
-0.0100327,-0.0471531,0.0439867
0.0549653,-0.1710684,0.1229367
0.1229122,-0.2915653,0.1371888
0.127099,-0.3751735,0.0950571
0.0799776,-0.4330408,-0.050999
-0.0160041,-0.5135337,-0.27025
-0.1548459,-0.5094296,-0.4659102
-0.1054327,-0.3886429,-0.6260867
0.0568602,-0.2559071,-0.5872173
0.0050255,-0.1348622,-0.3315388
-0.1250276,-0.1078714,0.1983255
-0.1703082,-0.115249,0.5588622
-0.1940459,-0.0952378,0.6390459
-0.157,-0.1657888,0.0681112
0.4076122,-0.3292449,-0.6792694
0.5497837,-0.4170031,-0.0005694
0.5311408,-0.4479918,-0.155548
-0.0031224,-0.2798878,0.0243173
-0.2102969,-0.1124939,0.0967092
-0.3657286,0.0930122,0.1719255
-0.5324653,0.2582071,0.1098255
-0.5943173,0.3501714,0.1394735
-0.6229245,0.3551959,0.2038265
-0.6219143,0.3177061,0.2012786
-0.5214408,0.3284969,0.177901
-0.5238296,0.3463041,0.1618827
-0.40065,0.3594449,0.0432745
-0.5657286,0.5313714,0.1469051
-0.5953673,0.4569214,0.2505122
-0.1613827,0.3457786,0.0574796
0.1354612,0.2675184,0.0759459
0.0734653,0.1330071,-0.0500735
1.2010459,-0.4877755,-0.7476122
0.2685755,-0.540202,0.545201
-0.7949102,-0.07365,-0.3484235
0.303799,-0.3324878,0.434698
0.3829357,-0.2573388,-0.4036592
0.0190704,-0.0036531,-0.0934459
-0.0107551,0.0688969,-0.2618061
0.0018765,0.0754857,-0.1053194
-0.261452,0.0112337,0.0652112
-0.6406388,-0.3487735,0.1378867
-0.219051,-0.6887194,0.1690684
0.3287429,-0.44645,0.1425092
0.4781163,0.0130388,0.1315959
0.3297306,0.2404092,-0.0058745
0.202898,0.2746357,-0.1519888
0.2610265,0.2761704,-0.1984408
0.3240796,0.2533184,-0.1699531
0.2573776,0.2950857,-0.0773122
0.1366153,0.2377194,-0.0642224
0.0390347,0.1260531,-0.0845143
-1.22e-05,0.0582643,-0.0866041
0.0057327,0.0256796,-0.0590071
0.0374082,0.0593071,0.0070847
0.0064459,0.1276102,0.151449
-0.1922327,0.1304398,0.1546837
-0.1225878,-0.017202,0.1225786
-0.1107724,-0.172048,-0.3449878
-0.3907,0.0118,-0.906901
-0.1909408,-0.1220143,-0.4889153
-0.1483041,-0.0645786,-0.1769235
0.0582398,0.1856816,-0.0972204
0.2666071,0.0167265,0.0087959
0.3551286,-0.2892837,0.1162439
0.4372939,-0.5654653,0.1506398
0.5086449,-0.6702622,0.0252837
0.4448541,-0.6430867,-0.1750429
0.1702806,-0.6688122,-0.0448255
-0.3230296,-0.7862541,-0.2512571
-0.3109663,-0.1048031,0.1527398
-0.7211643,0.0637092,-0.2265367
-0.81015,0.1827398,-0.5087816
-0.5540724,0.0147204,0.03085
-0.3629051,-0.1042102,0.3539224
0.2232122,-0.3092612,-0.043549
0.4214724,-0.4138245,0.00495
0.3698959,-0.410898,0.8235592
0.3920694,-0.3981612,0.8593939
0.2973561,-0.2979122,0.2896296
0.1276633,-0.0834337,-0.1110745
0.0268745,0.2209714,-0.076452
0.196952,0.2444265,0.0643204
0.1376878,0.1956347,0.0944388
0.2897276,0.0399337,0.2136092
0.6779082,-0.2473867,-0.1094541
0.6060704,-0.5060684,-0.5283582
-0.0108653,-0.1761367,-0.5785184
-0.282401,0.1489214,-0.710901
-0.4374163,0.4290112,-0.9540439
-0.445098,0.5701633,-1.1890888
-0.4289122,0.7634296,-0.7052
-0.2075051,0.7889296,-0.0193704
0.5799418,0.2976041,0.7116694
0.6969398,0.0466245,2.0107337
0.8094245,0.1549724,2.4645418
0.3305418,0.0052663,2.1358153
-0.0750653,-0.1426418,1.7624133
-0.3748306,-0.2550898,1.2549153
-0.6021745,-0.2731908,0.7294929
-0.6494408,-0.268151,0.2456786
-0.6419541,-0.1970173,-0.2237561
-0.431801,-0.1403316,-0.5390327
-0.4380806,-0.1138786,-0.5898122
-0.4575612,-0.1674959,-0.4281663
-0.360901,-0.3773224,-0.3580633
-0.4098061,-0.5466929,-0.3030204
-0.5611816,-0.4916031,-0.2445265
-0.5366429,-0.0839173,-0.228448
-0.3270796,0.1684969,-0.2147888
-0.2301939,0.288898,-0.2381857
-0.2831918,0.3006888,0.112499
-0.3787408,0.3212602,-0.152248
-0.2786724,0.2398929,-0.3910082
-0.1784041,0.230902,-0.1278429
0.1466735,-0.0857531,0.009851
0.4219684,-0.2310398,-0.0969633
0.5598551,-0.2154745,-0.1799439
0.9420092,-0.1919673,-0.1396439
1.6669592,-0.1420847,0.6036429
0.3003418,0.0429878,-0.4204612
-0.0346531,0.0864398,-0.2950235
0.0700908,0.2454867,-0.1127643
0.2102612,0.1005255,-0.254648
0.2687551,0.0570673,-0.4172673
0.1581673,0.0575,-0.3477459
0.1558949,0.0258918,-0.0825082
0.1575796,0.0272878,-0.0607357
0.1287561,0.0066786,-0.2429051
0.0643255,-0.0601653,-0.0559194
0.0214776,-0.0386041,0.1974112
0.0298153,0.0877786,0.2928908
0.0186633,0.0655061,0.1766612
0.0378653,0.0592704,0.1166286
0.0842561,0.0711806,0.0698806
0.0158653,0.0280398,-0.1146204
-0.0842684,0.0207867,-0.185852
-0.0348184,0.0548459,0.0658592
0.0367847,0.049701,0.1597714
-0.0175204,0.0244531,-0.0569112
-0.0830592,0.0268684,-0.1661306
-0.0733908,0.0183245,-0.1085949
0.0215357,0.0022276,-0.0475051
0.1482092,-0.0166398,0.2793429
0.070451,-0.0225378,0.1573878
-0.0602827,0.0161582,-0.0734735
0.0075071,0.029052,-0.0522612
0.0086327,0.0204357,-0.0160694
-0.0231786,0.0178592,0.0259888
-0.0264908,0.0330898,0.0183235
-0.0191735,0.0177255,0.0252204
0.0127602,-0.0031745,0.0692194
-0.027599,-0.004101,0.0566663
-0.020801,0.00555,0.0330143
-0.0016112,0.0113418,0.0142878
-0.0067867,0.0210908,0.0358704
0.0141051,-0.0086133,0.0825265
-0.0193204,0.0007969,0.047498
-0.0268102,0.0197592,-0.2056459
0.0511102,-0.0007663,-0.0067765
-0.0419939,0.0107469,0.1223541
-0.0600673,0.0390837,0.061301
0.0003429,0.0175,-0.0408622
0.0014531,0.0035316,-0.1111878
