accx,accy,accz
0.0179541,-0.0230204,-0.1043561
0.0342041,-0.0302714,-0.036898
0.0847653,-0.0196133,0.0422765
0.0866398,-0.0316418,-8.78e-05
0.1296357,-0.0404286,-0.0374531
0.0285,-0.1067878,-0.0047296
-0.031401,-0.0482622,0.1865102
-0.0306071,-0.0541571,0.0796061
0.2301204,-0.1704071,-0.1598255
0.3645173,-0.1085827,-0.1240714
0.1932602,-0.0062724,-0.0462898
0.0137765,0.0827704,0.0010469
-0.1301602,0.1026459,0.0503265
-0.0886378,0.0145184,0.0447969
0.0220735,-0.2100592,-0.2868092
0.0408092,-0.2394122,-0.3455214
-0.0329112,-0.1416276,-0.1214031
-0.02525,-0.08635,-0.0293214
-0.032548,-0.1359755,-0.0315531
-0.137999,-0.1795306,0.0414918
-0.0741031,-0.1862327,-0.0987918
0.0039041,-0.1750755,-0.225398
-0.1148378,-0.160201,-0.1865939
-0.2447694,-0.1222306,-0.0431429
-0.3372439,-0.0712724,-0.1624031
0.8375653,1.5681153,-2.6400908
-0.6443816,-1.6983704,0.5014704
-1.0348949,-0.3786469,1.6252367
-0.0336286,-0.6698765,1.1845878
-0.0226051,-0.4726306,0.5999367
0.1652592,-0.3230102,0.4789878
0.0077163,-0.0750827,0.7377367
-0.4585459,0.3215061,1.0629224
0.2521571,0.1747051,-1.5277857
-0.1696653,0.4464388,-0.3896459
0.1032571,0.1411459,0.1994061
-0.1355633,0.0515755,0.6431908
-0.0739735,0.0249806,0.6869
0.2415469,-0.0018847,0.7372439
0.2979102,0.0777714,0.4126327
0.1076367,0.1808735,0.034301
-0.0176388,0.1331173,-0.11875
-0.1540745,0.1532857,-0.062352
-0.1303347,0.1004561,0.0146551
-0.1060694,0.0622827,0.0890827
-0.0191684,0.0453735,0.1098112
-0.0057918,0.03065,0.1270306
-0.0245684,0.0286194,0.1236
0.0236735,0.0337612,0.0996296
0.0113867,0.012252,0.0238673
-0.0362163,-0.0316449,-0.0287276
-0.0499367,-0.0339214,0.0034714
-0.0016408,-0.0409939,0.0639612
0.0276071,-0.0529816,0.0732551
0.0706449,-0.0602755,0.0571898
0.1264224,-0.0529541,-0.0298551
0.1241929,-0.0268847,-0.0299
0.0010051,-0.020248,0.0058643
-0.1176102,-0.0329755,0.1128663
-0.0522694,-0.0679,0.3155531
0.0335143,-0.1021673,0.3476265
-0.0641245,-0.0728224,0.182001
-0.1429173,-0.0459255,0.1148663
-0.0279939,-0.0605102,0.1981112
-0.0442112,-0.0589643,0.1776173
-0.0796214,-0.0557776,0.0849429
-0.1175388,-0.0554357,0.0353316
-0.1173265,-0.0510224,0.0232194
-0.1052786,-0.0059398,-0.1096449
-0.1240755,0.0756827,-0.2494878
-0.1376827,0.1261847,-0.3253541
-0.1394153,0.1033673,-0.3148755
-0.1215816,0.0411235,-0.1959531
-0.0324622,-0.0075847,-0.1418837
-0.0126153,0.0269673,-0.3194204
-0.003451,0.0223163,-0.5192102
0.0489969,-0.0446163,-0.4563296
0.012998,-0.120249,-0.0382837
-0.0604878,-0.2229633,0.1398194
-0.1865959,-0.3483745,0.1521622
-0.1851449,-0.1666449,0.2637265
-0.1146337,-0.0003796,0.1360122
-0.0194255,0.1324347,0.0677388
-0.0514469,0.2588867,-0.0324378
-0.067849,0.1280224,-0.2702816
-0.2701786,0.0565051,-3.88e-05
-0.2341582,0.0301867,0.1878469
0.0529633,0.1328735,0.1064214
0.1406173,0.2285102,0.1323245
-0.0416347,0.4561,0.1286184
-0.1109357,0.6256041,0.1745755
0.1712898,0.5672031,0.2474224
0.1481878,0.554952,0.0018418
-0.1769847,-0.3643184,-0.1694459
-0.4937663,-1.3857327,0.0672449
-0.5837398,-2.2587735,0.2704184
0.3881786,-2.1292418,0.2216082
0.6432908,-0.8287245,-0.2517867
0.2742306,-0.0101867,-0.3298235
-0.0111173,0.3311837,-0.1203286
-0.2731786,0.7993857,0.1379684
-0.036598,0.4464755,0.2500612
0.0997378,0.0261378,0.0015143
0.0544041,-0.1263673,-0.2055235
-0.0411561,-0.2464439,-0.0251531
-0.0779276,-0.1610765,0.1340541
-0.0033643,0.0328755,-0.0032031
0.0901571,0.0910184,-0.067252
0.118202,0.022352,-0.0119929
0.0663122,-0.0577153,0.0504469
0.0552959,-0.0787755,0.1111622
0.0747337,-0.0606653,0.0474306
0.0534,-0.0404643,-0.0748031
0.0125408,-0.0329286,-0.1085776
-0.0142143,-0.0105388,-0.0490469
-0.0259531,0.0284898,0.0169541
-0.0269735,0.0739582,0.0274337
-0.0383194,0.0770449,-0.0162735
-0.0131173,-0.0070571,-0.0393602
0.0414082,-0.1452918,-0.0442031
0.0962102,-0.2114929,-0.0247102
0.1397939,-0.1740327,0.0083786
0.1637561,-0.1603061,0.0759235
0.0910663,-0.1482592,0.0532398
-0.0610755,-0.1172173,0.0310653
-0.1518112,-0.1107776,-0.0277255
-0.1768837,-0.1039827,-0.0992745
-0.2367255,-0.0849204,-0.1387204
-0.2487776,-0.1013551,-0.1282122
-0.2197367,-0.0985051,-0.0827673
-0.1774143,-0.0497408,0.0034541
-0.0744643,-0.0217847,0.0341214
-0.0310398,-0.0099724,0.1408367
0.0171969,-0.0232255,0.209448
0.0811735,-0.0623704,0.0439214
0.0792582,-0.0534061,0.0736531
0.0323418,0.0207541,0.1340592
0.0038378,0.1192102,0.1436439
-0.0151429,0.1985602,0.1611122
0.0212582,0.2340337,0.1776418
0.0591653,0.2389612,0.1859286
0.0591959,0.2361796,0.1760327
0.0444439,0.2389173,0.1660704
0.0331959,0.2168949,0.1749796
0.0342653,0.2020724,0.1429337
0.000599,0.2431582,0.0975582
-0.0261133,0.2618439,0.0562184
9.8e-05,0.2543969,0.0404755
0.0161745,0.2125582,0.0817694
0.0430776,0.151248,0.1313153
0.0773071,0.0586684,0.1030582
0.0935,-0.0282745,-0.1890469
0.0876827,-0.2366551,-0.8806878
-0.1480316,-0.5720776,-0.8148612
-0.1047245,-0.4889265,0.5479245
-0.1349469,0.0943602,0.3673929
-0.3749265,0.3485714,-0.3203551
-0.1928378,0.0224867,0.4281408
-0.1538643,-0.2803092,-0.1291214
-0.2580255,-0.3302755,0.1830276
-0.1098408,-0.1681571,0.1810755
0.0122643,0.0005959,-0.0068316
-0.0712612,0.0753327,0.0190337
-0.1466786,0.0885582,0.0751378
-0.1435857,0.0978214,0.0825439
-0.0326327,0.0881561,0.0259235
0.051251,0.0888969,-0.0014184
0.110252,0.1073694,0.0040408
0.1631418,0.1014816,-0.0486684
0.1959,0.0633612,-0.0505153
0.2199255,0.0162092,-0.0697459
0.2586286,-0.0421214,-0.1916724
0.2875806,-0.0916306,-0.152148
0.2496214,-0.0465939,0.0038551
0.1519622,0.0396745,0.0218918
0.0994755,0.0681796,-0.041352
0.0240255,0.0864439,-0.1520867
-0.0203459,0.084951,-0.1548418
-0.0505582,0.060752,-0.0885765
-0.0320327,-0.0048612,-0.056049
0.038249,-0.0857918,-0.0650337
0.0734827,-0.1369092,-0.052701
0.0449745,-0.184799,0.0216214
-0.0354061,-0.2128204,0.0177306
-0.1280704,-0.2149918,-0.0419143
-0.1990429,-0.247001,-0.1253306
-0.2623306,-0.3193398,-0.2078918
-0.2965071,-0.44395,-0.3293051
-0.1683602,-0.5949071,-0.3062969
-0.1452878,-0.5728694,-0.0365204
-0.3981929,-0.2875429,-0.0502418
-0.6012745,-0.0134684,-0.6309949
-0.3023388,-0.0712612,-0.9621949
-0.0389306,-0.2563173,-0.6285276
-0.0968694,-0.2369092,0.3724194
-0.2803929,-0.0126469,1.0682439
-0.1809857,0.0194918,1.0818357
-0.042348,0.0598,0.6599969
0.1869398,0.014451,-0.399002
0.0126827,0.0009224,-0.1060959
-0.1084469,0.0239143,0.2059959
-0.034251,-0.0382408,0.0437776
-0.0562561,-0.0428724,0.0955612
-0.1353878,0.0899908,0.3773173
-0.1113153,0.1895051,0.2248571
-0.1427888,0.2821316,0.0911806
-0.230899,0.3503633,0.2178755
-0.2383735,0.3601633,0.3165367
-0.1821949,0.3355398,0.2757102
-0.173949,0.3272837,0.2082163
-0.1754,0.3227571,0.1927357
-0.1701327,0.3374286,0.1279969
-0.0942388,0.3379663,0.0494571
0.0123449,0.3172806,0.0222337
0.0668286,0.2720745,0.0531776
0.0754092,0.1884082,0.050551
0.0696816,0.0875102,-0.076152
0.0326908,0.0556286,-0.0619367
-0.0286918,0.1671255,0.0947684
-0.1375418,-0.029999,-1.4395235
-0.4858286,-0.6720816,0.286052
-0.3451469,-0.6890255,0.5220378
-0.1644592,0.0523418,-0.3794561
-0.1526602,0.2090418,0.3536276
-0.1876184,-0.1826959,0.0662469
-0.1267714,-0.3072816,0.0849133
0.0238112,-0.1209378,0.1562959
0.0194418,0.0035102,0.0002888
-0.1017153,0.0184918,0.00925
-0.1615214,0.0361316,0.0263347
-0.1085276,0.0396184,-0.0143357
0.0064357,0.0156133,-0.0991673
0.0213908,0.0224633,0.0087071
0.0262408,0.0449551,0.0101816
0.0314102,0.0804194,-0.0823092
0.0398204,0.0975878,-0.0789316
0.0515082,0.0892133,-0.0628796
0.0784827,0.0618,-0.0472714
0.0948633,0.0855612,-0.1166082
0.0642337,0.0991541,-0.177302
0.0393755,0.067449,-0.0844847
0.0277663,0.0505235,-0.1124163
-0.0023184,0.0529724,-0.146598
0.0208786,0.0354265,-0.047748
0.0680806,0.0283816,0.0656
0.1027929,0.0121286,0.0530786
0.1324888,-0.0441092,-0.0251602
0.1595847,-0.0994918,-0.1273776
0.1700439,-0.1058714,-0.167452
0.1490867,-0.1472878,-0.0705582
0.0897949,-0.205551,-0.0029051
-0.0252816,-0.2442082,0.03765
-0.1566122,-0.3135153,0.0586735
-0.2419786,-0.4261061,0.0093949
-0.2807724,-0.5255153,0.0361449
-0.4305755,-0.4673786,0.0622041
-0.5478276,-0.2487378,-0.1067071
-0.3997765,-0.0819255,-0.5003806
-0.1802214,-0.0875214,-0.5918051
-0.1657143,-0.2152357,-0.5327673
-0.1781214,-0.3219724,-0.3468704
-0.3224224,-0.2130112,0.2609357
-0.3451051,-0.0388643,0.8152806
-0.2224888,0.0090184,0.7645888
-0.0954724,0.0041112,0.1141194
-0.0854582,-0.0206531,-0.161799
-0.1844867,0.0629449,0.18945
-0.1534378,0.1156918,0.2695735
0.0357429,0.0129724,-0.0935071
0.131002,-0.0807827,-0.0322367
0.0843408,-0.0610388,0.2029255
-0.018552,0.055751,0.2507755
-0.1320051,0.2113102,0.1912724
-0.2128622,0.3872694,0.17965
-0.2521429,0.5647316,0.2455276
-0.2013541,0.64615,0.3294643
-0.1042357,0.5977724,0.2782541
-0.0810837,0.5237898,0.1569745
-0.0330449,0.4932888,0.1533857
0.2066102,0.4102449,0.1405357
0.3354439,0.2606459,-0.0858327
0.3197327,0.1400643,-0.471101
0.4221898,-0.0669102,-1.02215
-0.4185378,-0.2931296,0.4238194
-0.7651408,-0.1958306,-0.4359643
-0.0352735,-0.0814,0.3378622
-0.0405918,0.1451418,-0.1108214
-0.1729092,-0.1431071,-0.1590633
-0.4714173,-0.3672898,0.0715255
-0.3190031,-0.4089347,0.2185388
0.0624,-0.3202827,-0.0980398
0.0101724,-0.1191102,-0.0179561
-0.1179847,0.0420112,-0.0021235
-0.1290592,0.0749408,-0.0249592
-0.0480735,0.0431204,-0.0239745
0.0747327,0.012099,0.0067449
0.1298388,0.0188878,0.0032102
0.1334378,0.0716031,-0.0960041
0.102848,0.1392092,-0.1285408
0.0637041,0.2131592,-0.1427857
0.0239378,0.2500347,-0.2194367
0.0131143,0.2095112,-0.2225847
0.0390357,0.1319163,-0.1483755
0.0264041,0.0761082,-0.1490806
-0.0131102,0.0390939,-0.1909378
-0.0243286,0.0037929,-0.1584316
-0.0042316,-0.0234745,-0.0559429
-0.0166745,0.0006714,-0.0116276
-0.0289133,0.0358745,0.0101327
0.0054286,0.0132235,-0.0033908
0.0727571,-0.0348653,0.0024449
0.1527214,-0.0866531,-0.0339541
0.2121337,-0.1273684,-0.1167347
0.1499357,-0.1655214,-0.140198
-0.0372939,-0.1791694,-0.0579837
-0.2109316,-0.2152337,-0.0317071
-0.3117684,-0.3235531,-0.0879602
-0.3345878,-0.4835694,-0.139052
-0.2723092,-0.5927622,-0.050948
-0.2620949,-0.5165959,-0.0609612
-0.2063153,-0.2681592,-0.5217561
-0.0076714,-0.1207031,-0.6758
0.0601969,-0.1671041,-0.4210714
-0.1061388,-0.2165918,-0.0471541
-0.1808184,-0.1440041,0.2413163
-0.1306245,-0.0617173,0.3475878
-0.1199224,-0.0097959,0.2050816
-0.0763735,-0.009501,0.0710418
-0.0482684,-0.001251,0.062601
-0.0659408,0.0039561,0.0535908
-0.0584918,-0.0294969,-0.1323949
-0.0528939,-0.0533245,-0.1069429
-0.007251,-0.0250306,0.1181316
-0.0142837,0.065302,0.1511694
-0.0560663,0.1524184,0.1667265
-0.1003847,0.2110286,0.1637592
-0.1363592,0.2794337,0.1645255
-0.1775959,0.3718,0.2465918
-0.15815,0.4542092,0.2861857
-0.1118735,0.4918663,0.259952
-0.0866571,0.4995592,0.242448
-0.0461429,0.4617714,0.1292133
0.0612041,0.4224949,0.0234286
0.1572755,0.3715408,-0.0448888
0.12,0.3206184,-0.0106786
0.1366531,0.2099724,-0.0415378
0.1445051,0.1217296,-0.0682541
-0.071849,0.250451,0.3239776
0.0495102,0.1952582,-1.1270071
-0.003649,-0.6753276,-0.5641633
-0.4017337,-0.928348,1.3778541
-0.2871265,-0.3893184,-0.6077888
-0.0034582,0.0744786,0.432101
-0.073252,-0.112201,-0.2306143
-0.4128806,-0.1683276,0.0604857
-0.2425949,0.0063541,0.0197388
-0.0421561,0.0401673,0.0038153
-0.0057378,-0.02825,0.1109347
-0.0135755,-0.0394571,0.0999878
0.0594827,-0.0319878,0.016251
0.1451939,-0.0138327,-0.0785306
0.1469133,0.0456337,-0.1166531
0.060848,0.1109714,-0.1229724
0.0117704,0.1112449,-0.106101
0.0231786,0.0851357,-0.0613827
0.0809214,0.0855745,-0.0013867
0.0999408,0.1176265,-0.0160776
0.0520949,0.1778827,-0.1368776
-0.002099,0.199402,-0.2731888
-0.040299,0.1503418,-0.2198357
-0.029451,0.0611929,-0.0749469
0.00285,0.0013653,-0.0028582
0.0425622,-0.0270082,0.014652
0.0907367,-0.0190765,0.0036653
0.1191592,-0.0003316,-0.0311918
0.1033592,0.0237112,-0.0887051
0.0645143,0.0326194,-0.2149
-0.0046918,-0.0097112,-0.2909765
-0.04445,-0.0649439,-0.2126071
-0.0235388,-0.1452102,-0.0504306
-0.0353918,-0.199002,0.0600837
-0.086601,-0.2347449,0.0934469
-0.1092,-0.3694143,0.1051082
-0.1065,-0.5594704,0.1250102
-0.183351,-0.6680347,0.043948
-0.3046378,-0.5511643,-0.2118347
-0.3459827,-0.2852378,-0.5154265
-0.2491755,-0.1113867,-0.6371265
-0.1592214,-0.1064092,-0.5057714
-0.0970714,-0.2500806,-0.1974133
-0.1621286,-0.2710898,0.1186888
-0.2487857,-0.1322816,0.5026194
-0.2250857,-0.0404071,0.619748
-0.1668439,-0.0063612,0.3301827
-0.0141316,-0.0669061,-0.2486827
-0.0743367,-0.081852,-0.1171337
-0.119798,0.0002806,0.3051765
-0.0366245,0.0532735,0.1523867
-0.006248,0.0662735,-0.1222449
-0.0718418,0.1107224,0.0031929
-0.1195929,0.1820571,0.1301888
-0.0928061,0.2330347,0.17795
-0.1110224,0.3123582,0.2369663
-0.1634796,0.4013378,0.2152388
-0.2027673,0.5032061,0.1979276
-0.1510112,0.5772071,0.1836939
-0.1148102,0.5767051,0.2083388
-0.1288469,0.5155888,0.1557204
-0.1702724,0.4359367,0.1205092
-0.0200357,0.3532378,0.1258092
0.1985194,0.2444092,0.0238316
0.2037969,0.0969173,-0.0995806
0.1297796,0.000399,-0.1025592
0.1448224,-0.0539908,-0.1196
0.1185776,0.024799,0.3519469
0.2904949,-0.3434327,-1.7112204
-0.1080551,-0.8996031,0.9565051
-0.7134592,-0.5799439,-0.4702265
-0.4177,0.0644459,0.1811408
0.060552,0.1872827,-0.1429316
-0.2068939,-0.1284643,-0.0653827
-0.4364347,-0.1325286,-0.0804153
-0.221298,-0.0008357,0.0296133
-0.0478337,-0.0183908,0.0148857
-0.0184561,-0.0473724,-0.0188367
0.0296714,0.0008357,-0.0635612
0.1174755,0.0744357,-0.0689663
0.1720449,0.1275694,-0.1047418
0.1494133,0.1504939,-0.1141929
0.1012163,0.1626224,-0.1504816
0.0712755,0.1939643,-0.1807551
0.0619122,0.1822459,-0.1245337
0.0451765,0.148351,-0.1092102
0.0083643,0.13205,-0.2019082
-0.0246459,0.0925745,-0.268349
-0.0383,0.0256112,-0.1888041
-0.011298,-0.0316276,-0.1004735
0.0374939,-0.0395459,-0.0123939
0.0851204,-0.0331388,0.0548796
0.1383408,-0.0492551,0.05155
0.2025959,-0.0779643,0.0511663
0.2721367,-0.0930827,-0.0021194
0.2788235,-0.1211316,-0.1034357
0.2043786,-0.1430633,-0.1920184
0.0508245,-0.1926847,-0.1902745
-0.1366367,-0.2436408,-0.1178949
-0.2983643,-0.2994163,-0.0807347
-0.3552122,-0.42285,-0.1053102
-0.2497673,-0.5700204,-0.0576184
-0.23715,-0.5422857,-0.0173929
-0.3368888,-0.2614694,-0.1212276
-0.3205939,-0.0018102,-0.3573898
-0.0925255,0.0099612,-0.3874898
0.1422939,-0.190702,-0.3582592
0.1436449,-0.3465388,-0.24445
-0.1328561,-0.2386684,0.1871724
-0.2659857,-0.080851,0.4930755
-0.2664765,-0.1164867,0.2940133
-0.2633551,-0.1752357,-0.1289663
-0.3263857,-0.1196867,-0.0718551
-0.3659694,0.0121061,0.1554051
-0.256201,0.1126684,0.3106724
-0.059898,0.0879337,0.2513235
0.0744531,-0.0132673,0.0211214
0.0499204,-0.1086959,0.0481663
0.0074449,-0.0639255,0.2429592
-0.0570398,0.079448,0.309501
-0.146,0.2756337,0.3330296
-0.187349,0.4518673,0.3658929
-0.1405092,0.5812265,0.3777673
-0.0597153,0.5871459,0.2664816
-0.0585867,0.5277857,0.205948
-0.0883418,0.5122327,0.2421959
-0.0877367,0.5197673,0.1941541
-0.0320969,0.471798,0.079049
0.2146867,0.29355,-0.0814704
0.3857827,0.0586418,-0.2427684
0.4336204,-0.0847418,-0.0359918
0.1673684,-0.0059122,0.5203163
0.0912347,0.1690153,-0.372548
0.3055367,-0.4793724,-2.1087898
-0.1979449,-0.6841786,1.4459735
-0.0588867,-0.1678592,-0.1567031
0.2132582,0.2366337,-0.3953347
-0.0692714,0.2115663,0.1229939
-0.2440306,0.0842429,-0.2275337
-0.2762969,0.1491214,-0.0741622
-0.250899,0.0970143,0.1451173
-0.1135704,-0.0255388,0.0728857
-0.0837663,-0.0458561,0.1399592
0.0042112,-0.0680306,0.0315755
0.0337173,-0.088149,-0.0333735
0.06725,-0.1194061,-0.0642245
0.1120694,-0.1047949,-0.1318612
0.1197643,-0.0509408,-0.157
0.1148755,0.033698,-0.0800449
0.126952,0.123552,-0.0636867
0.1426296,0.1941235,-0.1594714
0.1279357,0.2127031,-0.1828714
0.1085429,0.15585,-0.1496163
0.09215,0.0739704,-0.0283796
0.0763939,0.0102878,-0.0356888
0.0549878,-0.022102,-0.0839082
0.0550378,-0.0128388,-0.1241765
0.0837153,0.0316357,-0.1087949
0.0985969,0.0426847,-0.0660082
0.0815143,-0.0204459,-0.0263776
0.0317531,-0.1032551,0.0263276
-0.012649,-0.1048561,0.0933122
-0.0493082,0.0299582,0.0055786
-0.0410724,0.086602,-0.1683622
-0.006951,0.0462449,-0.2755214
0.0274398,-0.0249898,-0.4357429
0.1052194,-0.0785786,-0.3272918
0.1385633,-0.1017888,0.0569561
0.1982602,-0.1292837,0.1521245
0.2158408,-0.0963153,-0.252552
0.184451,-0.2532439,-0.6967806
0.0651286,-0.5007061,-0.2264031
-0.0423796,-0.5618265,0.0080561
-0.2835449,-0.2144112,0.1185327
-0.4178418,0.0335327,0.2349918
-0.5892571,0.0547745,0.1219337
-0.7538888,-0.0604184,0.1331133
-0.7903735,-0.1653592,0.2975949
-0.7261571,-0.2246724,0.2132255
-0.6437765,-0.1307939,0.1285194
-0.5806316,0.0190265,0.2202837
-0.443901,0.1653459,0.3425357
-0.2331633,0.2557306,0.3757316
-0.0555765,0.3035337,0.3245531
0.1874602,0.249751,0.3096918
0.2633969,0.2239551,0.2845694
0.135951,0.2946439,0.3705092
0.0828908,0.3731684,0.4763939
0.1110235,0.4308755,0.4730469
0.1606204,0.4626429,0.395452
0.2274316,0.4317439,0.2968949
0.3498316,0.2845337,0.1596092
0.4886031,-0.0221337,-0.0968582
0.5909163,-0.4333163,-0.3873888
0.6847571,-0.7338898,-0.3654745
0.8393561,-0.6579398,-0.472398
0.7566367,-0.2348133,-0.4337184
0.5422378,0.1296408,-0.3404653
0.0225541,0.0007837,0.1586173
-0.4387571,-0.300598,0.5140082
-0.7347939,-0.5074357,0.5204847
-0.7840745,-0.5672133,-0.1988327
-0.2443286,-0.3523459,-0.3266939
0.0871857,0.0293418,-0.5159969
-0.2195724,0.4136816,0.4780531
-0.609449,0.5565643,0.5248
-0.4079796,0.4260561,0.2730745
-0.0053418,0.1722316,0.1266214
0.1439898,-0.0041194,0.0306102
0.0685194,-0.0142765,-0.0303704
0.0181949,-0.0002551,-0.063198
0.0620745,-0.0122827,-0.0788398
0.1760122,-0.0656673,-0.0573704
0.3329408,-0.1231898,0.0240694
0.5667082,-0.2103724,-0.1133837
0.7035194,-0.25355,-0.267601
0.5381571,-0.1660622,-0.1883184
0.3700867,-0.0577031,-0.0637827
0.2272541,0.0327051,0.0272755
0.1548204,0.072451,0.0336939
0.1257449,-0.0240276,-0.0235378
0.0428653,-0.1022531,-0.0556847
0.0055724,-0.1149592,-0.0417918
-0.0194755,-0.0812949,-0.060601
-0.0443327,-0.0102561,0.0263939
-0.0658541,0.0300673,0.0987857
-0.1026286,0.0153592,0.0034796
-0.1651755,-0.0747724,-0.104648
-0.2113806,-0.2243418,-0.1601337
-0.2257245,-0.376998,-0.2875031
-0.2492357,-0.492551,-0.59335
-0.24895,-0.557602,-0.6650622
-0.0673286,-0.5715612,-0.4149194
0.0402214,-0.462,-0.0583663
-0.0860663,-0.1966571,0.035098
-0.1878367,-0.0112102,-0.064352
-0.0829786,-0.0921714,-0.4160061
0.1731969,-0.3396,-0.6159714
0.2029194,-0.433799,-0.0773122
-0.1594235,-0.2727898,0.7438847
-0.306399,-0.1589837,0.8290051
-0.0743122,-0.1467745,0.0571602
0.0053337,-0.1276939,-0.4496735
-0.0222214,-0.0305939,0.1662724
0.040348,0.04865,0.1298051
0.0720622,0.0714684,-0.0318061
-0.1143929,0.1309459,0.3124735
-0.1936265,0.2001418,0.4877316
-0.0910061,0.1958051,0.1590357
-0.0713327,0.1823418,-0.0280102
-0.1778112,0.2072531,0.1816531
-0.2883265,0.2621296,0.4151173
-0.2984408,0.3337398,0.3558796
-0.2298633,0.396498,0.2410286
-0.1865551,0.4005357,0.2135031
-0.1270755,0.3693571,0.2747918
-0.0906694,0.3325633,0.2189643
0.0670765,0.2317235,0.1626459
0.2177235,0.0812888,0.0725265
0.1287224,0.0415776,-0.0199582
-0.0998051,0.1368714,0.0086204
-0.3792806,0.3004398,0.3763806
-0.5197071,0.4118765,0.0255704
0.1021643,0.0609378,-1.4227643
0.4779857,-0.8962408,0.9300459
-0.5033663,-1.282301,0.3638602
-0.5111755,-0.7949918,0.0448653
0.0087255,0.0017898,0.0298316
0.2907031,0.0952531,0.0197704
-0.1976653,0.0587184,-0.2401337
-0.3267214,0.1598153,0.0632786
-0.2730286,0.0886224,0.153049
-0.1068918,0.0005878,0.0790082
0.0417827,-0.0331939,0.1417939
0.0960939,0.0360735,-0.0651469
0.10565,0.0854449,-0.0559918
0.0708153,0.120248,-0.0489612
0.0667255,0.1352847,0.0148327
0.0730786,0.1313408,-0.0160194
0.0586194,0.1438857,-0.0001673
0.0480378,0.140048,-0.0154929
0.0387327,0.0982173,0.0059378
0.008801,0.0518949,-0.0147551
0.0040357,0.0260398,-0.0317551
-0.0033388,0.0340327,-0.0358602
-0.0114724,0.0528724,-0.0285949
-0.0011551,0.0607337,-0.0143633
0.0028398,0.0352306,-0.037198
0.0574694,-0.0466755,-0.0721704
0.0844306,-0.089599,-0.1370388
0.0790837,-0.0647398,-0.1787133
0.054448,-0.0718918,-0.0885173
-0.0334143,-0.159351,0.0400143
-0.1455929,-0.2855408,0.1019602
-0.2034163,-0.4450337,0.1083735
-0.1778051,-0.5964357,0.1225276
-0.2086561,-0.6401286,0.0590061
-0.343999,-0.4984898,-0.1637459
-0.3809888,-0.2893163,-0.4113224
-0.253451,-0.129349,-0.5751378
-0.0684367,-0.1390061,-0.6317459
0.0669173,-0.3287959,-0.5144776
-0.0436296,-0.3258837,-0.0914908
-0.3590296,-0.1216939,0.6598847
-0.3225602,-0.0235388,0.8982204
-0.1902092,0.0203837,0.7959622
-0.0171949,0.0892173,0.086898
0.0469367,0.0554449,-0.3850306
-0.1074439,0.063999,0.0267388
-0.1203265,0.0509429,0.2855969
-0.0392388,0.0606357,0.278048
-0.0127469,0.0896969,0.2589592
-0.0720082,0.133599,0.2353776
-0.1993327,0.2343265,0.1767949
-0.2944796,0.3457296,0.2238041
-0.3230592,0.4236663,0.2631102
-0.2801755,0.4591602,0.219502
-0.2368327,0.4301694,0.2286306
-0.2062071,0.3601357,0.2528214
-0.1463704,0.287402,0.1474327
-0.0299418,0.2130296,0.0713653
0.1006888,0.089299,0.0250724
0.1490643,-0.0087408,-0.0334704
0.0249918,0.0305143,0.0865765
-0.1692531,0.2060745,0.2910204
0.0831888,0.0003816,-1.5714459
-0.0848541,-0.5624122,0.4299235
-0.3610735,-0.6303816,0.090499
-0.3933633,-0.1429429,0.1201388
-0.0434735,0.1270173,0.0085653
0.0633653,-0.1981367,-0.0478469
-0.2058827,-0.2693571,-0.0996265
-0.1388643,-0.0629245,0.0704806
-0.0042184,0.0304082,-0.0207337
-0.0211571,1.94e-05,0.0366204
-0.0281214,-0.0360908,-0.0282224
0.0233133,-0.0251031,-0.050552
0.0742082,0.0231327,-0.0663939
0.0801449,0.0918092,-0.1021051
0.0590898,0.1413847,-0.0820561
0.0386827,0.1536684,-0.0775439
0.0101153,0.1447786,-0.0514459
0.0025449,0.128001,-0.0575837
0.000751,0.1358714,-0.1762469
0.0143918,0.1132765,-0.1539704
0.0141643,0.0919796,-0.0560214
0.0174102,0.0668673,-0.0496469
0.0417694,0.0485837,-0.0859949
0.0613173,0.067551,-0.0571939
0.0165796,0.1052806,-0.010152
-0.0029133,0.0839531,-0.0062929
-0.0077092,0.0257857,-0.0289469
-0.0053612,-0.027199,-0.0722571
0.095949,-0.0672918,-0.1287888
0.125751,-0.0776133,-0.1596888
0.0933745,-0.0682092,-0.11465
0.0598092,-0.0554245,-0.058448
0.0153031,-0.0255408,-0.0282041
-0.0140316,-0.0131439,0.0033255
-0.0439112,-0.0560684,0.0409316
-0.0704367,-0.1967653,0.1334378
-0.050048,-0.4202398,0.2698571
-0.0744796,-0.5917255,0.3741459
-0.1895592,-0.6309714,0.2242184
-0.3249051,-0.5005286,-0.5841612
-0.3419663,-0.2998755,-0.9982265
-0.221848,-0.1846918,-0.7216112
-0.1191827,-0.1378735,-0.3641265
-0.0585357,-0.2114959,-0.2269633
-0.0987408,-0.296851,0.0229806
-0.2678745,-0.2607255,0.4793439
-0.3611173,-0.1866245,0.6465633
-0.2646796,-0.1442071,0.3422531
-0.1838653,-0.0354633,0.0101122
-0.0651418,0.0121602,0.0397367
-0.0440276,0.0753898,0.150298
0.004302,0.1274306,0.0777571
-0.0046439,0.1735112,0.1441173
-0.074001,0.2439235,0.3717837
-0.1176041,0.3065439,0.3703888
-0.1340663,0.3194592,0.2440224
-0.1757245,0.306602,0.2073735
-0.2452929,0.299049,0.2574439
-0.259649,0.2968112,0.3221633
-0.1860429,0.2603408,0.2525224
-0.1164735,0.2365724,0.1718316
-0.1093949,0.2360245,0.1332306
-0.1057469,0.231598,0.074098
-0.0657531,0.2437704,0.0620898
0.1031918,0.207498,0.0652388
0.2559643,0.0998755,-0.0781755
0.1781908,0.0901714,0.1110296
-0.0553245,0.1726959,0.2580633
-0.0238439,-0.3241439,-1.1307602
-0.1290143,-0.8198582,0.6029102
-0.4669898,-0.5957541,-0.0439694
-0.2952643,-0.0090112,0.2319602
0.0384439,0.0343173,-0.2027337
-0.2118092,-0.2123306,0.0769847
-0.3046898,-0.1780663,0.0157265
-0.1254776,-0.0088235,0.1153112
-0.0064571,0.0413551,0.031898
-0.0068755,0.0189102,0.018702
-0.0299102,0.0122306,0.0351092
0.0176796,0.0151449,-0.0371184
0.0496602,0.0064316,-0.0211337
0.0687418,0.0181347,-0.0341327
0.078799,0.0761735,-0.0751194
0.1049867,0.1184337,-0.0557276
0.1020316,0.1077,0.0173388
0.1148429,0.098401,-0.0351265
0.1287306,0.1293337,-0.0959857
0.1341,0.1565214,-0.1639592
0.1134806,0.1367133,-0.1976112
0.0955888,0.0856806,-0.2103276
0.0709929,0.032752,-0.1652898
0.0366204,0.0116194,-0.0589173
0.014002,0.0170857,-0.0189449
-0.0063888,-0.0143949,-0.0121694
0.0110153,-0.0567214,-0.0302204
0.0596041,-0.0626184,-0.0636357
0.068848,-0.0449112,-0.1100133
0.1107286,-0.0862714,-0.1348531
0.107048,-0.1271235,-0.1151612
0.0258806,-0.1629837,-0.10675
-0.1014041,-0.2001214,-0.1040316
-0.2131827,-0.2381204,-0.0765847
-0.2156745,-0.3225255,0.01925
-0.2084643,-0.4386888,0.0879347
-0.2458276,-0.5026694,0.1357592
-0.2113276,-0.4581622,0.0145204
-0.1331061,-0.3469867,-0.302952
-0.0360184,-0.2218653,-0.564199
0.0595204,-0.2379561,-0.6153867
0.0943041,-0.3293102,-0.2467724
-0.1068194,-0.2375469,0.2704296
-0.3010786,-0.0382224,0.6046776
-0.2976224,0.0419398,0.6675316
-0.1880204,0.0575531,0.4006786
-0.0931949,0.1036245,-0.1344449
-0.0819776,0.1186653,-0.2221224
-0.0864898,0.1148408,-0.0170459
-0.0523857,0.0992602,0.2810878
0.1037908,0.0610194,0.2328867
0.1397959,0.0311622,0.0663735
-0.0337806,0.065199,0.02385
-0.1607071,0.1654714,0.0972765
-0.2247367,0.2795031,0.1668102
-0.2403255,0.3759276,0.1303959
-0.2154469,0.4265184,0.0634786
-0.213901,0.4561816,0.1438071
-0.1835173,0.4185418,0.1849561
-0.1352827,0.2908031,0.1336051
-0.1075602,0.2468959,0.0494673
0.0237163,0.2142367,0.0367276
0.1291959,0.118401,0.018051
0.0559592,0.075302,0.0761531
-0.0644469,0.1153378,0.1895367
-0.1057214,0.1694786,-0.103102
0.1172867,-0.1607469,-1.029398
0.0665602,-0.6676582,0.3866194
-0.1691551,-0.70645,-0.1132745
-0.3045214,-0.1446296,-0.0920847
0.0597112,0.1593776,-0.0462939
0.0221296,-0.0885092,-0.0655765
-0.2197735,-0.2478837,0.0582224
-0.174649,-0.1464898,0.120651
-0.0424796,-0.0054367,0.0064694
-0.0108041,0.0366071,0.0231898
-0.0264306,0.017751,-0.0686459
-0.0275929,0.0212469,-0.1196255
-0.0061735,0.0468735,-0.0955408
0.028101,0.0716908,-0.0496031
0.0685878,0.0834327,-0.0130847
0.0728582,0.1083122,-0.0204714
0.0911592,0.1228857,0.039151
0.1007,0.1383622,0.0815265
0.1579888,0.1216663,0.0601153
0.1982133,0.0866827,0.0344551
0.1949163,0.1023367,-0.0557449
0.1761031,0.1085378,-0.1416786
0.1468204,0.0723184,-0.1205061
0.1128112,0.0503235,-0.0787276
0.035901,0.0350694,-0.0504296
0.0112684,0.0138245,-0.0516735
-0.0319663,0.0263531,-0.0407571
-0.0448459,0.0475133,-0.063551
-0.0629684,0.0274245,-0.0450959
-0.0293582,-0.0151459,-0.0327837
0.0497949,-0.0230908,-0.04035
0.1152194,-0.0455949,-0.0162827
0.0883908,-0.0507367,0.0460745
-0.0164908,-0.0673235,0.0855224
-0.1396306,-0.113101,0.0751122
-0.1816276,-0.2158143,0.0594582
-0.1200224,-0.3405224,0.0761245
-0.0702755,-0.4072173,0.1565714
-0.1003735,-0.4183092,0.2699582
-0.1731327,-0.3422296,0.2300316
-0.2081347,-0.2231755,-0.0740776
-0.2215347,-0.0967112,-0.3121429
-0.1929306,-0.0169327,-0.2835918
-0.1342122,-0.0046776,-0.1714214
-0.0386847,-0.0913704,-0.1439694
0.0917235,-0.2231571,-0.2456082
0.2470622,-0.2841888,-0.2308347
0.0934153,-0.1707245,0.1617051
-0.1313541,-0.054,0.3237418
-0.180599,-0.0919561,0.2100459
-0.2208969,-0.0878031,0.0705602
-0.2141184,0.0094173,0.1565112
-0.1684,0.1026714,0.3216469
-0.1520765,0.1402816,0.2395367
-0.0641939,0.09145,-0.0208041
0.0240051,0.0395051,-0.0050214
0.1356867,-0.0506541,0.1525367
0.1673755,-0.0774796,0.0762296
0.0550867,-0.0251582,0.0202816
-0.098348,0.0987694,0.140452
-0.132849,0.2003337,0.1401439
-0.1846367,0.2830612,0.0980429
-0.2498806,0.3353153,0.1277
-0.2384673,0.3243347,0.1277469
-0.1707245,0.3033265,0.1438224
-0.0916347,0.2604316,0.1218969
-0.0742673,0.227598,0.1389571
-0.0858684,0.2487949,0.1834806
-0.0013224,0.2650888,0.149202
0.1093296,0.2106235,0.0449745
0.1331837,0.1599898,0.0387163
0.1050663,0.1397776,0.0501969
0.0641786,0.1182204,0.0200765
0.0231235,0.080798,0.0518867
-0.041001,0.0951378,0.0776602
-0.1200592,0.1802439,0.103598
0.2653694,-0.1458347,-1.0568745
0.3316918,-0.7707929,0.046601
-0.4296888,-0.7152612,0.1670327
-0.5258286,-0.1637786,-0.1972286
-0.1103765,0.1317714,0.3159704
0.119251,-0.1879571,-0.0953082
-0.2492459,-0.3600694,-0.0249051
-0.2158765,-0.2058755,-0.0198663
-0.1005316,-0.0084806,0.0173806
-0.0396204,0.07865,0.0163878
-0.0321857,0.1027684,0.0241173
-0.0282949,0.072949,0.0488265
0.0254347,0.0045643,0.0438643
0.0574429,-0.0281357,0.002349
0.0743449,-0.012549,0.0190245
0.0682694,0.0287337,-0.0436082
0.079198,0.0820714,-0.0335684
0.073049,0.1357153,-0.0577133
0.028951,0.1771429,-0.121001
0.0342939,0.1871316,-0.0833316
0.0583735,0.1674071,-0.0346755
0.0791286,0.1354265,-0.0467908
0.0683969,0.1077398,-0.1202888
0.0468173,0.082049,-0.1757786
0.0529673,0.033901,-0.1167694
0.0449255,-0.0014469,-0.0317204
0.0223837,0.0002673,0.0061418
0.0031286,0.0219857,0.0296245
-0.0181388,0.0197357,0.0019316
-0.0229602,0.0183867,-0.0343357
-0.0346418,0.0247255,-0.0419398
-0.0556112,0.0125541,-0.0610939
-0.0280531,-0.0103173,-0.0357357
-0.0042459,-0.02615,-0.0206327
0.0189704,-0.0022643,-0.0037418
-0.0006755,0.0689633,0.0398724
-0.0316684,0.0844133,0.05795
-0.0372418,0.0400694,0.0567714
-0.029202,-0.0415776,0.074851
-0.0211786,-0.1194796,0.1199776
-0.0319592,-0.1669194,0.1458133
-0.0410663,-0.1776908,0.1150082
-0.0354714,-0.2138041,0.060348
-0.0420806,-0.2721908,0.0705398
-0.0809816,-0.3295796,0.0737949
-0.1269724,-0.3649878,0.0008571
-0.1201602,-0.3338327,-0.0886459
-0.0870173,-0.2591061,-0.1285582
-0.1079163,-0.1735847,-0.0853173
-0.1352643,-0.05855,-0.051149
-0.1282949,0.0422776,-0.0818857
-0.095048,0.0596867,-0.1112724
0.0135184,-0.0238316,-0.1027306
0.1148561,-0.1204347,-0.2140112
0.2821071,-0.1849714,-0.4796684
0.2885051,-0.1533561,-0.3348755
0.0771908,-0.0256306,0.0811061
-0.1066653,0.0634592,0.4212163
-0.0485918,0.0205418,0.4654327
0.0069265,-0.0016316,0.2493888
-0.1079,0.1434398,0.172851
-0.2001704,0.2507429,0.0834112
-0.183699,0.2582888,-0.1221439
-0.1989735,0.2023898,-0.2353357
-0.209848,0.1571459,-0.0324245
-0.1777327,0.1746286,0.229652
-0.1206582,0.2180224,0.1991224
-0.0777602,0.2441816,-0.0196327
-0.1132398,0.1999276,-0.0046408
-0.1046408,0.1166255,0.1476561
-0.0119153,0.0550133,0.1832765
0.0113551,0.0925776,0.1493255
0.071751,0.2796439,0.0439633
-0.0135827,0.1592561,0.1482327
0.0293663,0.1059847,0.2204041
0.0593367,0.0910378,0.3091224
0.040652,0.0290357,0.2727347
0.0020755,0.0178582,0.1030357
0.0592918,0.132049,0.0082969
0.161452,0.1723051,-0.0710806
0.2256796,0.1181051,-0.0962816
0.1936724,0.0692092,-0.2440949
0.174999,-0.0448133,-0.4316204
0.2488531,-0.1482827,-0.4589276
0.4313061,-0.2465704,-0.4855439
0.414748,-0.2381673,-0.2780071
0.2779469,-0.2112867,-0.2010112
0.1472429,-0.1931327,-0.1156429
-0.0423224,-0.3662622,-0.0819
-0.1034745,-0.3969163,0.0526306
-0.3176908,-0.1861602,0.5994449
-0.2817112,0.1714204,0.1050194
0.076299,0.3016592,-0.5602286
0.0592663,0.2075735,-0.1334898
-0.0354776,-0.0507949,0.2062694
-0.4359949,-0.1951031,0.0192602
-0.5877224,-0.1937806,0.1516633
-0.1061092,-0.0839245,0.0787316
0.3359878,-0.1030122,-0.64705
0.209,-0.0171408,-0.0571663
0.0723837,0.0219837,0.1871857
0.0871429,0.0600255,0.13035
0.0541429,0.062752,0.1999959
-0.059302,0.1124224,0.3906214
-0.1061092,0.0743755,0.4837235
-0.0592316,0.0652939,0.4145408
-0.0355316,0.0500908,0.2144796
-0.0747571,0.0086878,0.0476031
-0.0784969,-0.0239378,-0.0547204
-0.0376204,-0.1443612,-0.0293745
-0.1530561,-0.1232204,-0.3207041
-0.2186949,0.0262582,-1.0817337
-0.1808173,0.1679653,-0.7541806
0.0003092,0.076248,-0.1916163
0.1089908,-0.0963949,-0.0127469
0.0480643,-0.0264235,-0.0027786
-0.03275,0.2979194,-0.0150265
-0.1390827,0.1322847,0.2722224
0.0710347,-0.0710102,-0.0056888
0.1550051,-0.0973378,-0.1972694
0.1534582,-0.3222878,-0.434599
-0.2028469,-0.0457122,0.022052
0.0086102,0.1668857,-0.0396071
0.1644265,0.0363459,-0.1749939
0.2194612,-0.1414357,-0.323698
0.1628255,-0.0975765,-0.3170776
0.0136745,0.116752,-0.0174765
0.2080357,0.0391449,0.1179735
0.2100449,-0.1296204,-0.1624408
0.0374235,-0.1296551,-0.2067582
-0.0410112,-0.0731245,-0.1203
-0.0105347,-0.0181418,-0.0866429
-0.0145755,0.0315255,-0.1463112
-0.0148786,-0.0301439,-0.049598
-0.1485929,0.0258163,0.1479173
0.0466296,-0.001849,0.3390327
0.0213857,0.0517071,0.2326592
-0.0865908,0.0488092,0.0992847
-0.1765653,0.0725092,0.1270582
-0.1099786,0.1120776,0.1238439
0.025298,0.0265969,0.008148
0.1639194,-0.1710184,0.3379041
0.1490469,-0.430301,0.1419867
-0.0713163,-0.6714602,0.116198
-0.1891041,-0.8493378,-0.3620918
-0.1889663,-0.6786663,-1.1735112
-0.0170949,-0.6428408,-1.3057867
-0.0179245,-0.6871367,-0.4521173
0.0359653,-0.5788347,0.1494459
-0.0213459,-0.4384327,0.323399
0.027898,-0.3625908,0.2995745
0.0651367,-0.5366398,-0.0930612
-0.15945,-0.3379255,-0.3914398
-0.4521133,0.0957367,-0.4989602
-0.5245837,0.335349,-0.5503051
-0.3980469,0.4450541,-0.5941204
-0.1496102,0.3175806,-0.1069449
0.0876051,0.3299643,-0.033252
0.3934194,0.4707112,-0.1315551
0.5632694,0.3327469,-0.1054949
0.3912571,0.118402,-0.0470061
0.4072571,0.0639765,0.0113071
0.383602,0.0471806,-0.0237806
0.2736153,0.0437663,0.2695214
0.0337071,0.0737255,0.5109388
-0.1885367,0.0477071,0.68405
-0.3398194,0.0570806,0.6169816
-0.3947541,0.0807612,0.4147939
-0.3532255,0.0827724,0.2659704
-0.2791347,0.0334469,0.0893898
-0.1963939,-0.0107786,-0.1063429
-0.1699429,-0.0407837,-0.2706214
-0.2025061,-0.0435051,-0.3785449
-0.2184939,-0.0525367,-0.4081265
-0.1738163,-0.1514439,-0.3945112
0.1074051,-0.3442398,-0.0610235
0.4700571,-0.7812867,0.3101592
-0.1046582,-0.0921592,-0.6508092
-0.3307684,-0.1150286,-0.0383898
-0.1415429,-0.1440449,-0.0244337
-0.0011327,-0.0302143,-0.2066092
-0.117148,0.073101,-0.0422582
0.019999,-0.0646755,-0.2235153
0.2041816,-0.1947031,-0.2689041
0.1720459,-0.1884469,-0.144702
0.0495092,-0.1113561,-0.0680051
0.0711837,-0.1000908,-0.0328653
0.0153561,-0.0406939,2.45e-05
-0.0064,0.018049,-0.059999
0.0131214,0.0189224,-0.1142735
0.0455082,0.0043551,-0.094652
0.0537469,-0.0087918,-0.0925133
0.0429949,0.0074061,-0.0963418
0.0306735,0.0057082,-0.088548
0.0244122,-0.0034041,-0.0593765
0.0088745,0.0053408,0.0015837
-0.0065622,0.0047755,0.0207735
0.0095163,-0.0053755,0.0067143
0.0084163,-0.013701,-0.0071612
0.0084684,-0.0128704,-0.0026173
0.0172255,-0.0038633,0.0126265
0.0064582,0.0155235,0.0293235
-0.0008704,0.0254786,0.0259163
0.0058163,0.0073071,-0.1272194
0.0120959,-0.0149347,0.0256602
0.0303357,-0.0257153,0.1200806
0.0248929,-0.0082214,0.1250643
0.0160755,0.0308408,0.0621653
0.007899,0.0205796,-0.0347816
0.0221622,0.0148306,-0.0286643
