accx,accy,accz
0.0378551,0.0090163,-0.1319622
0.0320429,-0.0199867,-0.1501112
0.0786612,-0.0509296,-0.0607551
0.2118296,-0.0823704,0.0970612
0.1471337,-0.0733173,0.1030582
0.0588786,-0.0554327,0.0510306
0.0528796,-0.0369173,0.0260459
0.0134847,-0.024652,0.0566031
0.0622653,-0.0053622,-0.1219327
-0.0139122,-0.001098,-0.0598837
-0.0618071,-0.0105235,-0.1237469
-0.103752,-0.0106612,-0.1578602
-0.1211969,-0.0259092,-0.1646704
-0.128399,-0.0387357,-0.1533531
-0.1213612,-0.0453245,-0.1310867
-0.0859571,-0.0480255,-0.1280888
-0.0754806,-0.0595184,-0.0804276
-0.1217459,-0.0744245,-0.0470908
-0.1471306,-0.0814867,-0.0822337
-0.1020765,-0.0692,-0.1664469
-0.0936653,-0.0680765,-0.1132878
-0.153098,-0.086349,0.0054112
-0.1906286,-0.0822214,0.0506571
-0.1437776,-0.0634173,-0.0575939
-0.063098,-0.0421582,-0.1667449
-0.0440561,-0.0468,-0.1536918
-0.0889408,-0.0791459,-0.0634469
-0.193848,-0.1085949,-0.026198
-0.2902959,-0.1185959,-0.0822224
-0.2784296,-0.1235459,-0.1183653
-0.1893531,-0.1525357,-0.1088551
-0.195102,-0.1875163,0.0666449
-0.1804735,-0.1577286,0.1664041
-0.0531316,-0.149851,0.152349
0.2303051,-0.1302816,0.1960571
0.4740857,-0.093601,0.1782908
0.6124265,-0.0253898,0.1882663
0.873098,0.0659061,0.0452694
0.8594561,0.1500816,-0.1081388
0.6137622,0.2241163,0.0267184
0.3744031,0.2776276,0.3611408
0.2833592,0.2963959,0.6327276
0.2647347,0.2776622,0.6905061
0.308099,0.2342959,0.5933531
0.2954367,0.2369663,0.2933776
0.297352,0.1652633,-0.0046194
0.3059561,0.1401378,-0.0100092
0.3365112,0.1082602,0.0828204
0.2541133,0.0641184,0.0273847
0.0535276,0.0667592,-0.1409969
-0.1053551,0.0664786,-0.0528969
-0.0313,0.0336847,0.2398082
-0.0567541,0.0320398,0.1509051
-0.2069245,0.0566929,-0.2065429
-0.3337898,0.1822633,-0.7091827
-0.1373888,0.052448,-0.8652612
-0.1518051,-0.0088204,-0.4850592
-0.0537367,-0.0925612,-0.3544806
-0.1774173,0.1114092,-0.2017469
-0.1772367,0.1533878,0.2579337
-0.0247102,0.0482122,0.6627643
-0.162698,0.0572888,0.6249286
-0.2565122,-0.0033265,0.2374908
-0.301652,0.0623806,0.247899
-0.4261255,0.1330633,0.15525
-0.3876918,-0.0527755,0.131249
0.2766347,-0.2295173,-0.0614969
0.4655459,-0.1465816,-0.1214459
0.2548061,-0.1703633,-0.2429408
-0.0146888,-0.1442755,-0.0884684
0.027599,-0.3258561,-0.0370388
0.210898,-0.3740163,0.1446347
0.157651,-0.5349245,0.030202
-0.0221306,-0.0134551,0.1301133
0.1391031,-0.0876071,0.2393959
-0.0963918,0.1855449,0.1154306
-0.0944714,0.3408724,0.005898
-0.2215469,0.3192235,0.1174398
-0.3047439,0.1246755,0.1819041
0.1452806,-0.3911102,0.1968837
0.1721592,-0.2350102,0.0512745
0.369051,-0.1165439,-0.181951
0.2421408,0.02285,-0.0744663
-0.0076786,0.0686776,0.0580306
-0.1559041,0.154548,0.0515204
-0.2782388,0.3555286,0.2197633
-0.2668622,0.4374959,0.2664
-0.2769959,0.3545571,0.3059398
-0.3079857,0.2190214,0.1250929
-0.1349296,0.0763418,-0.0264173
0.0217541,0.2750857,-0.1231449
-0.0926755,0.2947673,-0.0655337
-0.0960439,0.2599592,-0.2880806
0.0015816,-0.0761102,-0.4254786
0.2998327,-0.0543459,0.3946122
0.0253082,-0.3007378,0.3169439
-0.1457684,-0.9318735,0.2859092
-0.291202,-0.7043684,0.0222133
-0.2559622,-0.452452,-0.0799929
-0.1473735,-0.2968857,-0.0731582
-0.0120551,-0.0463439,-0.1243378
0.1153031,0.0851878,0.0329765
0.1784918,0.1164816,0.1018878
0.1727051,0.1108224,0.1454327
0.1309735,0.0736194,0.1703378
0.1865418,0.0074,0.2459388
0.2326673,-0.0647469,0.2541653
0.2334694,-0.1357673,0.1135745
0.1940888,-0.1332041,-0.1642643
0.0875408,-0.0422796,-0.1037265
-0.0495276,0.0623214,0.05225
-0.0995153,0.0694204,0.0329602
-0.0922051,0.0136214,-0.1081276
-0.0228143,-0.0472663,-0.2018
0.0146643,-0.0613969,-0.1498765
0.045101,-0.024351,-0.0668684
0.029299,0.0194173,-0.0873551
0.0463582,0.033248,-0.0814816
0.0549888,0.0190388,0.0329776
0.0495918,0.0290898,0.1052041
-0.0103163,0.0696582,0.0459041
-0.0571827,0.0705888,-0.0497316
-0.086048,0.0260745,-0.0640316
-0.1236602,-0.0354265,-0.1218755
-0.0861061,-0.0517194,-0.1578724
-0.0590796,0.0912531,0.0398286
-0.0115796,0.1552245,0.2608163
0.016149,0.050951,0.2816214
0.0149551,-0.088402,0.1729061
0.0271449,-0.2139286,0.0658051
0.0601704,-0.3715041,0.1047429
0.1239745,-0.4801459,0.2473663
0.2290316,-0.4487684,0.2006459
0.3300459,-0.5942959,-0.1134469
0.1694847,-0.7355704,-0.5627439
0.115748,-0.6462112,-0.8026602
0.084301,-0.3577367,-0.6439378
0.0275388,-0.2098806,-0.2134755
0.0681602,-0.3064582,0.1591143
0.1503724,-0.4817031,0.3068551
0.1215306,-0.4627071,0.4378622
0.0319929,-0.3322143,0.6097602
0.1624245,-0.3287071,0.0265704
0.0213582,-0.3717735,-0.0834704
-0.1851622,-0.3021,0.5815694
-0.0898378,-0.2530571,0.0521653
-0.094749,-0.1504071,-0.023349
-0.4190398,-0.0289173,0.0921286
-0.5224816,-0.0177847,0.2373031
-0.4859561,-0.0300235,0.3009316
-0.4454459,0.0349173,0.1131214
-0.5605684,0.2147061,-0.0160796
-0.757999,0.3894265,0.0717571
-0.8492122,0.4740704,0.1531755
-0.7728224,0.4774439,0.1604235
-0.6256306,0.4257255,0.1256643
-0.5413286,0.4124663,0.0447378
-0.4735194,0.4119153,0.0320184
-0.2991051,0.2951939,0.0470929
-0.1676398,0.1387724,0.0729867
-0.1397173,0.0600102,0.01505
-0.2324776,0.022049,-0.1633245
-0.069852,-0.0299204,-0.4515398
0.1311143,-0.5173286,0.1285459
0.2131173,-1.0321316,0.3252429
0.3211245,-0.751598,0.2121847
-0.1139061,-0.09765,0.1990908
-0.1179031,-0.1167306,0.1754112
0.1253745,-0.3335816,0.0386153
0.1935184,-0.3010367,-0.0425939
-0.0113837,-0.0244663,-0.0164551
-0.1080755,0.038948,0.0195398
-0.0554612,-0.0498051,0.1083582
0.0354592,-0.1323796,0.1287469
0.1067459,-0.1144153,0.0059224
0.1441531,0.0253327,-0.1633724
0.1433398,0.191798,-0.1519806
0.2250633,0.2604776,0.0076755
0.3633959,0.2648388,0.1349806
0.3676592,0.294802,0.1259367
0.3933959,0.3970929,-0.1670867
0.4387918,0.4064602,-0.3088918
0.443702,0.2790071,-0.3323163
0.4989949,0.0371633,-0.2372051
0.296851,-0.0193224,-0.1460612
-0.0126439,0.0172867,-0.0762398
-0.1649867,-0.017252,0.0186214
-0.1881173,-0.1048816,0.0304612
-0.1755714,-0.2629888,0.0326112
-0.2072296,-0.413151,0.020198
-0.2185316,-0.5585898,-0.0771776
0.0112684,-0.7477286,-0.1562888
0.2922153,-0.7656133,-0.1933745
0.4885857,-0.6670051,-0.534348
0.5164367,-0.4427082,-0.6679122
0.1935173,-0.1928276,-0.120602
0.2237102,-0.3041041,0.4337265
0.2074153,-0.3826857,0.9809612
0.2755653,-0.4788878,0.2721939
0.0372388,-0.4647459,-0.2523286
-0.2357459,-0.4143745,0.2706418
-0.1925592,-0.4009102,0.3468112
-0.2975908,-0.2435122,0.1444429
-0.4563173,0.0228276,0.1227684
-0.5121367,0.1582133,0.2372969
-0.4707898,0.2151184,0.1101388
-0.5451051,0.3169918,0.1694327
-0.6789245,0.4683561,0.1874582
-0.7215837,0.5397418,0.1265173
-0.7820449,0.5107418,0.1641306
-0.7879908,0.4408347,0.2276429
-0.7059245,0.4167755,0.2621265
-0.4614714,0.3374082,0.1651122
-0.1768786,0.1729837,0.0767959
-0.0772306,0.1143163,-0.0519418
-0.1826653,0.1272929,0.0793939
-0.2339194,-0.0037816,0.0262704
-0.0888204,-0.344899,0.1502949
0.4683714,-1.0587571,-0.3335449
0.4789816,-1.5052622,0.0873194
-0.2453816,-0.5151347,0.1638847
-0.2325786,0.0899122,0.1459061
-0.0327673,0.1652867,-0.01515
0.0835306,-0.0037276,0.1010071
0.1261786,-0.2175347,0.1560571
0.1257184,-0.2916031,0.0593878
0.1088786,-0.1644673,0.0021143
0.0687357,-0.0048939,-0.0129796
0.0212112,0.122898,-0.0660398
0.0402929,0.1966327,-0.1296398
0.0770296,0.2544816,-0.17955
0.1884755,0.2539816,-0.1739816
0.3110102,0.1968459,-0.0414918
0.2984888,0.2218459,-0.0612857
0.3130327,0.2219133,-0.2333327
0.3303735,0.1794531,-0.1314439
0.2761704,0.1978949,-0.1214602
0.249948,0.247298,-0.1979143
0.2528633,0.0827786,-0.1847122
0.1811847,-0.1320092,-0.1301102
-0.026551,-0.1441,-0.1218796
-0.1295602,-0.1058439,-0.0442265
-0.1855061,-0.2288745,0.0118031
-0.2071122,-0.4136837,0.0628041
-0.1972735,-0.5827347,0.1998041
-0.2303378,-0.7100276,0.3294367
-0.1515408,-0.6812214,0.0980357
-0.0053459,-0.5176847,-0.4634908
0.3201255,-0.4859204,-1.2014714
0.1653429,-0.3596602,-0.3734071
0.1200724,-0.3754163,0.4005327
0.1447327,-0.4587051,0.8036847
0.2126673,-0.4620276,0.5683041
0.2808347,-0.5070459,-0.3451337
-0.1400694,-0.4302602,-0.2375184
-0.3193378,-0.3955949,0.1974143
-0.4459265,-0.2989378,0.106502
-0.4940429,-0.0241265,0.0326898
-0.5174133,0.1988888,0.128101
-0.5501214,0.2808388,0.093299
-0.5688796,0.3279265,0.1862724
-0.6024398,0.3782439,0.2010367
-0.6677551,0.4008878,0.1245214
-0.76815,0.4006765,0.1111296
-0.8437337,0.3814929,0.1148633
-0.7966653,0.3710969,0.1962551
-0.6187469,0.3524265,0.2886439
-0.2005265,0.2360429,0.1695469
0.0444041,0.090249,-0.0072051
-0.0295673,0.0713918,0.0848847
-0.1203296,0.0492245,-0.1224959
-0.1938735,-0.1911449,-0.1384694
-0.2327214,-0.5442918,0.1880296
0.318052,-1.1483449,-0.0780643
0.1032684,-1.0591082,-0.0046306
-0.4040959,-0.2754102,0.2806449
-0.1122398,-0.1370561,0.2055092
0.1315429,-0.2165429,0.0823143
0.1275582,-0.1987082,0.2270122
0.0637122,-0.1247663,0.1328622
0.0043122,-0.0453347,0.1292796
0.0024184,0.0062786,0.1141061
0.0246663,0.0241551,-0.0061429
0.0586847,0.057651,-0.176951
0.0606439,0.1535316,-0.2770082
0.0872806,0.2220378,-0.2155367
0.1958235,0.21755,-0.1465398
0.3009459,0.1746561,0.0569867
0.221949,0.2064469,-0.0319276
0.1538531,0.2658531,-0.2854551
0.223152,0.2505051,-0.2690235
0.255202,0.2111194,-0.3119888
0.2683,0.1341102,-0.3128908
0.2318796,-0.0414908,-0.2053306
0.1467398,-0.1728592,-0.2391918
-0.005698,-0.1611143,-0.1820541
-0.0474367,-0.0776867,-0.1091816
-0.0628673,-0.0469673,-0.0052541
-0.042949,-0.2086337,0.1192653
-0.000848,-0.4132622,0.265301
0.012501,-0.5836612,0.3167388
-0.0398684,-0.705551,0.1573939
-0.1268153,-0.6609786,-0.1583469
-0.1114224,-0.4979704,-0.6898816
0.1319235,-0.3829724,-0.8019633
0.1043378,-0.2484429,0.0708939
0.2394469,-0.2663235,0.5642541
0.2721908,-0.3079306,0.7057582
0.2512429,-0.3913694,0.5656255
0.1923602,-0.4776592,-0.172499
-0.1254959,-0.4114429,-0.2598786
-0.2632,-0.3860082,0.0912429
-0.3656204,-0.2564378,0.1134173
-0.4021173,-0.0464184,0.043501
-0.3864582,0.0806929,0.0300092
-0.4064724,0.1297898,0.0575459
-0.4869633,0.2196653,0.1149622
-0.5588245,0.3259194,0.1065837
-0.6313663,0.4168959,0.0742561
-0.7091082,0.4566163,0.0961102
-0.7497541,0.4704173,0.0963735
-0.7702439,0.4926888,0.1517959
-0.647048,0.475152,0.1575388
-0.3351102,0.3467388,0.1436847
-0.0839847,0.2382918,0.0569939
-0.0611643,0.2307398,0.0680255
-0.1426837,0.2014163,-0.0196327
-0.118348,-0.0140582,-0.0985704
0.1895908,-0.6179398,0.0830408
0.4487673,-1.5054296,0.4734847
0.1437071,-0.9590837,-0.0653224
-0.307099,0.0350796,0.2178143
-0.2033122,-0.0770316,0.0774204
0.1214122,-0.4160592,0.159301
0.1231327,-0.3220531,0.1570561
0.0176041,-0.0297704,0.1217776
0.0067571,0.0573224,0.0948143
0.0595347,0.0246041,0.0673276
0.1178878,-0.0047602,-0.066251
0.1317878,0.0172398,-0.2502837
0.0725694,0.0815633,-0.2046122
0.0575541,0.1538857,-0.0903776
0.054999,0.2311051,-0.061399
0.0885235,0.2874357,-0.0343551
0.1766898,0.3051296,0.094148
0.296248,0.2801337,0.1938755
0.3213092,0.2392408,-0.0378204
0.3148908,0.1214857,-0.2369796
0.3074561,0.073001,-0.3204031
0.3096204,0.0430755,-0.1102684
0.2183408,0.0452173,0.0309653
0.128002,0.0253704,0.0359
0.0511714,-0.0469337,0.0034092
0.0118643,-0.1330592,-0.0715327
-0.0163265,-0.1800735,-0.1402622
-0.0878357,-0.1670888,-0.0821745
-0.1375847,-0.1844204,0.0113378
-0.1463898,-0.3179612,0.0135704
-0.1093571,-0.5356806,0.018002
-0.0841071,-0.6947898,0.0944561
-0.1456316,-0.7511969,0.0191327
-0.1856276,-0.7102898,-0.3615602
-0.0263378,-0.6000378,-1.0134204
-0.15365,-0.3847551,0.1114265
0.1017918,-0.2906276,0.8295327
0.3410153,-0.3033224,0.8779357
0.4477163,-0.4264765,-0.0392918
0.1704347,-0.4737531,-0.4969745
-0.1003378,-0.4888143,-0.1011561
-0.4147857,-0.3527867,0.1864878
-0.4995102,-0.1169347,0.0640051
-0.43305,0.0673276,-0.0420082
-0.4335837,0.169098,0.0629031
-0.511849,0.2498,0.0770786
-0.6149061,0.3707439,0.0930031
-0.7296255,0.5011367,0.0854041
-0.7976551,0.6148704,0.1187612
-0.8503469,0.6718612,0.2061184
-0.8246469,0.6674163,0.323449
-0.6935898,0.624601,0.3562888
-0.3222255,0.4376704,0.1862949
-0.0287255,0.2124857,-0.1462561
-0.0328378,0.1237418,-0.0273878
-0.3335092,0.1457408,0.2427041
-0.1954837,-0.2275959,0.3887643
0.5269204,-1.0708939,0.4377827
0.7885847,-1.7547847,0.012999
-0.0702735,-0.4185459,0.0130898
-0.2864633,0.1567286,-0.0061694
-0.0985622,-0.1306184,-0.0355551
0.1063592,-0.3555143,0.1104439
0.0490378,-0.2021112,0.1542163
-0.0390776,-0.0636327,0.2045878
-0.0384102,-0.0353673,0.1874143
0.0456745,-0.0237214,0.1737153
0.1611755,-0.0052367,0.0910398
0.1882724,0.0359204,-0.1223122
0.1308163,0.0752633,-0.2317786
0.0829847,0.0909082,-0.1304194
0.070352,0.1381551,-0.062448
0.085099,0.2027367,-0.0150867
0.1235878,0.2452663,0.0975296
0.1720765,0.2760571,0.022999
0.2387316,0.301451,-0.317649
0.356998,0.2426429,-0.3024827
0.3312551,0.1696969,-0.046748
0.2026,0.1412949,-0.0699684
0.1020592,0.0445041,-0.0785031
-0.0890061,0.0181969,-0.0617429
-0.2320235,0.0081786,0.0123571
-0.2786031,-0.0467653,0.0745143
-0.2857092,-0.1232735,0.1347959
-0.3249612,-0.1915735,0.2431204
-0.3399286,-0.2978582,0.215152
-0.1943765,-0.4207459,0.0659439
0.0505735,-0.5318602,0.234502
0.2022133,-0.4583204,0.1984204
0.2584204,-0.5221724,-0.0883194
0.2123459,-0.5210051,-0.3384367
0.107049,-0.4220388,-0.5697459
0.1340408,-0.3246755,-0.4938255
0.1018673,-0.2416755,-0.2012112
-0.0358684,-0.1742663,0.0441286
-0.0804459,-0.2588582,0.0706214
-0.0150153,-0.5746429,-0.0664133
-0.2153806,-0.6525408,-0.3278888
-0.8020112,-0.3742786,-0.5675714
-0.9454622,-0.1373092,0.1250122
-0.6245663,-0.024402,0.1011449
-0.4743714,0.1311898,-0.3160908
-0.4202969,0.2769214,-0.2285765
-0.5073745,0.4704541,-0.0146898
-0.5720184,0.6013469,0.099448
-0.5068092,0.6667306,0.1708837
-0.390551,0.7079092,0.2105143
-0.3242388,0.6938816,0.1567439
-0.3267051,0.5875184,0.1398959
-0.3067929,0.4436071,0.0666878
-0.2969847,0.3861898,-0.0235316
-0.2646337,0.3752306,0.0106102
-0.1726622,0.2182082,0.0790776
0.0827867,-0.1515622,0.2139133
0.5850949,-0.4364776,0.2079184
1.1012122,-0.3130602,-0.2564357
1.4587918,0.0602837,0.0614469
1.6846,0.3415469,0.4216469
1.2245714,0.4304908,0.3909745
0.4961898,0.3412449,0.2137
0.0889622,-0.2332551,-1.0151622
0.4797653,-1.2923265,-0.3317306
-0.2039204,-0.9840418,-0.1742204
-0.9305878,-0.1604531,-0.4417
-1.1144592,0.1800847,-0.1946673
-0.8750602,0.0864122,0.1122439
-0.401749,-0.1630592,0.2423031
-0.3607306,-0.1576214,0.3917031
-0.388252,0.0628837,0.374049
-0.1412939,0.1151735,0.1346561
-0.0215041,0.1127531,-0.0611469
0.1187337,-0.0183204,-0.1685459
0.1956255,-0.0733959,-0.1203306
0.209252,0.0025714,0.0855959
0.1707459,0.0978082,0.2170837
0.2653041,0.1019602,0.3494806
0.5431153,-0.0136408,0.4574316
0.8798082,-0.1574204,0.3532704
1.0508378,-0.1418194,-0.1415092
0.8926694,0.0506071,-0.8480663
0.636702,0.0850204,-0.6778888
0.4911408,0.0429082,-0.2868816
0.3510969,0.0597939,-0.2644296
0.2925347,-0.014098,-0.3165204
0.2401898,-0.0939857,-0.0507561
0.2166816,-0.1157316,0.067251
0.2512857,-0.066202,-0.0700724
0.4346378,-0.1436398,-0.7010633
0.4598602,-0.3240449,-0.7821327
0.020701,-0.4381163,-0.3067663
-0.3052571,-0.5806918,-0.0445112
-0.4178857,-0.8210653,0.2349245
-0.4119929,-1.1271327,0.3495908
-0.3031153,-1.0919214,-0.0045837
0.1275194,-0.6690061,-0.3623724
0.2034224,-0.4449306,-0.0270959
-0.4236184,-0.2165776,-0.0121408
-0.6004857,-0.0922306,-0.1746327
-0.4811908,-0.0285929,-0.1385092
-0.4258439,0.0221041,0.1050643
-0.2665857,0.1155582,0.2666735
-0.0765929,0.2031347,0.2605531
-0.0639571,0.3038133,0.2764041
-0.2113643,0.3950031,0.2766714
-0.3599051,0.4460939,0.1939122
-0.3555276,0.4994245,0.094649
-0.2783653,0.5119622,0.1622776
-0.1853837,0.4853337,0.2022143
-0.0771459,0.4640133,0.2579082
0.0791908,0.4171459,0.2639796
0.2675459,0.3009582,0.1978071
0.181549,0.162899,0.1503969
0.2661204,-0.0180408,-0.1033143
0.2033949,-0.3993561,-0.0884133
-0.2554214,-0.64285,0.0940224
-0.0634214,-0.3744755,0.0607429
-0.2000735,-0.041301,0.0421796
-0.0872949,-0.0763184,0.1549153
0.0079673,-0.2952561,0.1809867
0.1479765,-0.4272806,0.2360143
0.1138092,-0.2204306,0.1611224
0.0474388,-0.0108429,0.0363531
0.060649,-0.0473184,0.0343847
0.042602,-0.117848,0.0681673
0.0506918,-0.1524276,0.1150622
0.0556622,-0.1241939,0.1272367
0.0290643,-0.0728255,0.045201
-0.0169316,-0.0745796,-0.0752582
-0.0670847,-0.0724765,-0.1144633
-0.1041245,0.0288694,-0.0444143
-0.0649316,0.1458418,0.0712418
0.0561796,0.1995306,0.2432
0.1900643,0.1761204,0.320898
0.2896602,0.1275857,0.2792357
0.426252,0.108952,0.1360724
0.4237633,0.1782796,-0.2102735
0.3412112,0.2084031,-0.0541031
0.2275173,0.1885153,-0.074298
0.1030959,0.1491612,-0.2728184
-0.0146857,0.0870898,-0.2344296
-0.0746184,0.0073388,-0.1275316
-0.1040816,-0.0420224,-0.0712878
-0.1185918,-0.1007204,-0.0631051
-0.1148561,-0.1819786,-0.0697327
-0.1201041,-0.2556541,-0.0699082
-0.1435673,-0.3390429,-0.0135337
-0.145002,-0.4748551,0.0749602
-0.0792806,-0.6080694,0.2194061
-0.0258663,-0.6001184,0.2233929
0.0238949,-0.5155337,-0.0430469
0.0603357,-0.3326857,-0.4174153
-0.0575265,-0.1097918,-0.0572173
-0.0537929,-0.1054337,0.3698418
0.1006112,-0.2487459,0.4201959
0.3372633,-0.4008673,-0.2442102
0.1920959,-0.454001,-0.2672031
-0.1627673,-0.4157898,0.3102204
-0.2878582,-0.3433429,0.1590265
-0.2945418,-0.2235816,0.0365153
-0.2531265,-0.1056286,-0.01345
-0.2173602,0.0325827,0.0202153
-0.1987694,0.114699,0.0340959
-0.167798,0.1390031,-0.0381684
-0.2809837,0.166702,-0.0407673
-0.4402051,0.2153765,0.0364847
-0.5276755,0.2692449,0.0314388
-0.621602,0.2799357,0.05255
-0.6616949,0.2818224,0.0237837
-0.6548173,0.2722653,0.0593561
-0.5842,0.2494041,0.0873765
-0.4712408,0.2458857,0.0905224
-0.3394306,0.2534827,0.1106551
-0.2541041,0.2437061,0.1119082
-0.1370469,0.2169469,0.0708357
-0.0539041,0.1866082,0.0304367
-0.132452,0.1892694,-0.1250143
-0.3103082,0.1800071,-0.1436214
-0.3683184,-0.0663694,0.2115908
-0.0296806,-0.6442459,0.2899469
0.6923122,-1.2591867,0.3055337
0.5109908,-0.986549,-0.156
-0.0423786,-0.1455969,0.1831684
-0.0661837,-0.0617408,0.0077643
-0.061449,-0.1578735,-0.0260388
0.0532663,-0.2439327,0.1120643
0.1247612,-0.1628939,0.0412582
0.1724531,-0.0562673,-0.0828592
0.08295,0.0256612,-0.1483163
0.0309204,0.0496816,-0.0899867
0.043951,0.0734204,-0.0500194
0.0510867,0.1254857,-0.0559704
0.066001,0.1797214,-0.0321949
0.0853816,0.2472796,-0.0492092
0.1412806,0.2989061,-0.0806429
0.2670102,0.2365143,0.0034398
0.3584949,0.1169327,0.1366592
0.3799929,0.0393122,0.082448
0.4038031,0.0145724,-0.0066908
0.3576153,0.0490367,-0.1392296
0.2286306,0.0602459,-0.258152
0.1223786,0.0232133,-0.0544684
-0.0598694,0.032101,0.0625724
-0.1644092,0.0149918,0.1065031
-0.1557316,-0.0256847,0.0226224
-0.096099,-0.0295582,-0.0562959
-0.0182316,-0.0474888,-0.0169592
-0.0159551,-0.1269969,-0.0058286
-0.0738102,-0.2158337,-0.0536
-0.0510786,-0.3467786,-0.1111378
0.059202,-0.5100235,-0.1200949
0.1917122,-0.623451,-0.0808102
0.2185051,-0.5407398,-0.1152378
0.2843878,-0.4029112,-0.2702112
0.3181092,-0.3364429,-0.1453898
0.2604755,-0.3328153,0.3374694
0.3092918,-0.3397418,0.688
0.4953724,-0.4787551,0.6062204
0.3645449,-0.576751,-0.201052
-0.0125439,-0.5090714,-0.1270173
-0.2216,-0.4454143,0.1774561
-0.4195714,-0.2806888,0.0898184
-0.4607571,-0.0825337,-0.0064122
-0.4450418,0.078498,0.163448
-0.4430612,0.1932214,0.1536888
-0.4526786,0.3117786,0.0634235
-0.5490959,0.4026582,0.1108663
-0.6889,0.4816837,0.1233908
-0.7666102,0.5104408,0.0778806
-0.8252347,0.5167429,0.0929061
-0.7976673,0.5512449,0.2140184
-0.6450071,0.54065,0.2826092
-0.4062796,0.3979633,0.1860561
-0.1787531,0.2341827,0.0744337
-0.1810704,0.1919949,0.0114888
-0.2768643,0.1301908,0.0764786
-0.2281276,0.0259622,0.0883173
0.0286388,-0.1643561,-0.1207235
0.3993806,-0.8379959,0.1204255
0.9054663,-1.6314418,0.081298
0.4782786,-0.9289918,-0.1551418
-0.0415561,0.0187469,0.1505929
-0.2144255,0.2495684,0.003198
-0.1124582,0.0347755,0.0132439
0.0517704,-0.2131051,0.1452214
0.0980051,-0.333851,0.1477786
0.0729398,-0.2185469,0.0474276
0.0208633,0.0054724,-0.0566745
-0.0062673,0.1035459,-0.0933429
0.0087429,0.1269755,-0.1129112
0.0377592,0.151802,-0.1400796
0.0781939,0.2228969,-0.1163245
0.1725643,0.265699,-0.0413888
0.3326306,0.2565092,0.0614092
0.4404571,0.2221347,0.1138439
0.4319214,0.1589367,0.0659755
0.3423561,0.0899051,-0.1137224
0.2422316,0.0507255,-0.1962398
0.1139439,0.090298,-0.1553082
0.0135867,0.1065235,-0.0369459
-0.1145908,0.0555653,-0.0306888
-0.1688459,-0.0141929,0.0081184
-0.1654153,-0.0841092,0.0421031
-0.1105612,-0.1325071,0.0523837
-0.0227347,-0.1209714,0.0027204
0.0406939,-0.1363908,-0.0058582
0.0423092,-0.2413296,-0.0524765
0.0561469,-0.3705061,-0.1052398
0.0890316,-0.4941357,-0.0067643
0.1101194,-0.5986612,0.0322673
0.0604561,-0.5970031,-0.101501
0.0117724,-0.4848357,-0.4747796
0.0716388,-0.3545582,-0.5284133
0.0478755,-0.2478643,0.2436378
0.1569704,-0.2527673,0.6448357
0.2525071,-0.3357796,0.6062092
0.252348,-0.4525929,0.0814439
0.1189194,-0.5296347,-0.263302
-0.2325908,-0.4242551,-0.1064163
-0.4926602,-0.3032204,0.1361245
-0.5127153,-0.108952,0.1144959
-0.4648949,0.0744643,0.0928235
-0.3373592,0.1912847,0.0609184
-0.2501704,0.3034357,-0.0448847
-0.2921704,0.3070286,-0.039198
-0.3651388,0.287299,0.0218694
-0.499449,0.2967469,0.0279357
-0.6504816,0.3028153,0.0703173
-0.6824929,0.3041429,-0.0045908
-0.6350663,0.3191316,-0.002098
-0.4720112,0.3299214,0.0426898
-0.3198031,0.3203551,0.0959704
-0.19745,0.320249,0.0882194
-0.128451,0.3022245,0.1172551
-0.0431908,0.26105,0.064951
-0.0592429,0.2394194,-0.1540122
-0.2289092,0.2518663,-0.3071541
-0.362851,0.0474051,0.1578122
-0.1372765,-0.4316347,0.3641102
0.7396612,-1.2340245,-0.0826357
0.659052,-1.2267429,-0.3277224
-0.076148,-0.1477276,0.2087959
0.028952,0.0158449,-0.1647898
-0.0794102,-0.1020214,-0.0634061
0.0258398,-0.2670276,0.125198
0.0167143,-0.2071429,0.083299
-0.0126602,-0.073349,0.088398
-0.0044214,-0.0054439,0.0812
0.0658306,-0.0190071,0.1285347
0.1572378,-0.0335122,0.1624837
0.177599,0.0136459,0.0809286
0.1418653,0.0980806,-0.0355092
0.1068959,0.193801,-0.0988857
0.0700551,0.2690173,-0.1181735
0.0667745,0.328048,-0.0877602
0.1309337,0.350899,-0.0744153
0.3168878,0.2969806,0.0223102
0.380948,0.2401306,-0.0643408
0.4211796,0.0927888,-0.1599592
0.3980867,0.0120092,-0.17595
0.3319755,-0.0088439,-0.1863327
0.1967929,0.0185316,-0.2352
0.0688714,0.0185214,-0.0790622
0.0159867,-0.0382367,0.077049
0.0008908,-0.0850439,0.1364143
-0.0043867,-0.0168163,0.1476112
-0.0614633,0.0989245,0.107549
-0.0965714,0.0438286,0.0646806
-0.121951,-0.126248,0.0894684
-0.1522724,-0.2952704,0.1401969
-0.1116337,-0.4360704,0.0556592
-0.0752878,-0.6049,-0.0871378
-0.0349306,-0.7727296,-0.1278837
-0.0383867,-0.771852,-0.1971204
-0.1807276,-0.6028347,-0.424801
-0.1295796,-0.4619602,-0.7899969
-0.1037133,-0.3187918,-0.3690112
0.0088765,-0.1565112,0.5773245
0.3648408,-0.1451969,0.9418398
0.8211816,-0.2793612,0.3877092
0.6824,-0.2557398,-0.345248
0.1195643,-0.2447959,-0.155952
-0.2034082,-0.2758357,-0.0750245
-0.4964184,-0.2421673,-0.023649
-0.498051,-0.0856031,0.060048
-0.4372939,0.0549684,0.0864898
-0.3699449,0.1913704,0.0597898
-0.378802,0.3589296,-0.0057367
-0.4094908,0.3742765,0.0689602
-0.4582255,0.310099,0.1768969
-0.5539143,0.2890204,0.0892561
-0.6784061,0.3496388,0.0901561
-0.7581541,0.4537643,0.1551367
-0.6618102,0.5627133,0.2327296
-0.4594949,0.5634582,0.2546888
-0.1189786,0.4406857,0.1170092
0.0234704,0.3722459,-0.0464439
-0.0372592,0.3679429,0.0367327
-0.1053541,0.2319551,-0.021501
-0.237399,0.1304735,0.1487378
-0.1253602,-0.1720827,-0.0601663
0.5526367,-0.9761265,-0.1008102
0.7121612,-1.6669857,-0.1475061
0.1917806,-0.7446898,0.2387367
0.0524786,-0.0240367,-0.0408449
-0.1433918,0.1949327,-0.0443337
0.0168837,-0.0172878,0.0470061
0.1544337,-0.1495551,0.0422602
0.1557184,-0.1709398,0.0522551
0.1085592,-0.1378245,0.0473031
0.0450061,-0.025551,0.0417429
0.0165133,0.0980929,0.0259031
0.0399235,0.1614622,0.0099133
0.08605,0.1694939,-0.0132296
0.127651,0.1717357,-0.0522
0.1466224,0.1773224,-0.1412602
0.1803092,0.1597735,-0.1540469
0.2052582,0.1303816,-0.117398
0.2209959,0.0982633,-0.06645
0.2161827,0.1248,0.0849347
0.1685194,0.1508714,0.1006959
0.1596041,0.1221265,0.0162755
0.1434663,0.0900694,-0.1939724
0.1409122,0.0749408,-0.1839337
0.0771102,0.0923704,0.021999
0.0189551,0.0962224,0.0365133
0.0588459,-0.0037031,-0.0612908
0.1416163,-0.0845571,-0.1180806
0.0769388,0.0046449,-0.1074337
-0.0122276,0.0813357,-0.0664888
-0.0861704,0.0029867,-0.1023806
-0.1764153,-0.1470296,-0.1270633
-0.2156816,-0.2657806,-0.0370837
-0.2532714,-0.368851,0.0953112
-0.2484408,-0.4893214,0.3837245
-0.1365459,-0.4927929,0.6174878
0.0834714,-0.549002,0.4647847
0.1277061,-0.5753663,0.0029133
0.1644918,-0.4820071,-0.5039153
0.385499,-0.4103827,-1.0917663
0.1500816,-0.2851796,-0.0864224
0.1302061,-0.2609041,0.4790306
0.2334153,-0.3181388,0.7111898
0.2956867,-0.3813622,0.5937592
0.376699,-0.4603571,-0.33
0.2786153,-0.4266561,-0.2804765
-0.1363592,-0.3147276,-0.1238092
-0.4419163,-0.1265816,0.0970949
-0.5064255,-0.0213571,0.0048031
-0.4194908,0.0869827,0.0829602
-0.3427296,0.256102,0.1061959
-0.3724888,0.4132551,0.0793469
-0.4640735,0.4769133,0.1490939
-0.5690378,0.4659245,0.166501
-0.6225061,0.3865816,0.1758316
-0.6438633,0.3371327,0.150001
-0.6463837,0.3794653,0.1720714
-0.5040265,0.4217786,0.2523643
-0.3307857,0.4202184,0.227748
-0.1914622,0.395098,0.1575969
-0.02055,0.2812949,0.0497908
0.0478337,0.204801,-0.0542796
-0.0721418,0.1789663,-0.1115296
-0.1829949,0.1546561,-0.0672694
-0.0403439,0.0365224,-0.0466408
0.2103551,-0.4815265,0.202598
0.3988469,-1.1559245,-0.368852
0.0655898,-0.8508163,0.2212408
-0.1103061,-0.1609806,0.1755347
0.1127449,-0.080498,-0.0143653
0.1504735,-0.3442673,-0.0892847
0.0355673,-0.2835347,0.2349194
0.0492531,-0.0723296,0.1217622
0.0264378,0.0399582,-0.0054429
0.0005071,0.0473214,0.0022602
0.0032306,-0.0414755,0.0085847
0.0510204,-0.1450418,0.0334122
0.0595847,-0.1296112,0.0199949
0.0337255,0.0385418,-0.0063286
0.0295908,0.2104245,-0.0355898
0.0519245,0.2895449,-0.0346704
0.103598,0.2839888,-0.002751
0.1453102,0.2436398,-0.0170276
0.2043745,0.1886388,-0.0522122
0.2697265,0.1544714,-0.0640337
0.2982602,0.1693673,-0.0692653
0.2897633,0.2049694,-0.0800398
0.2875378,0.177249,-0.0932612
0.203751,0.1072439,-0.0655888
0.1553173,-0.0516276,-0.0325214
0.1689959,-0.1547765,-0.0135704
0.0940031,-0.1292929,-0.0406112
0.0227082,-0.0585847,-0.0323398
-0.0433847,-0.0111765,-0.031552
-0.0480408,-0.0016724,0.0267398
-0.051349,0.0169092,0.1046194
-0.0428388,0.0597194,0.1641347
-0.0230459,0.0854378,0.188748
0.0144827,0.0474306,0.1570704
-0.0019214,0.0077347,0.016548
-0.0585653,-0.028451,-0.1169878
-0.0911847,-0.0432439,-0.1808816
-0.0672561,-9.2e-06,-0.1811041
0.0543051,0.0624969,-0.1295592
0.186348,0.0626867,-0.0217
0.2239724,-0.0053163,0.0638388
0.2417408,-0.13915,0.1624857
0.2815082,-0.3025061,0.2176704
0.2640847,-0.3368429,0.0925102
0.1843245,-0.2043735,-0.1020857
0.2115898,-0.1347929,-0.3792449
0.3804827,-0.1042082,-0.7990031
0.3746796,0.0146378,-0.3177714
0.0733796,0.0875429,0.1465459
-0.1590653,0.0326929,0.3911224
-0.2813051,-0.2925745,0.1954622
-0.4287582,-0.5384092,0.1110643
-0.5476673,-0.5053857,0.2460612
-0.6296561,-0.2596806,0.3481776
-0.6182204,-0.07615,0.3020551
-0.5524429,-0.0171133,0.2283612
-0.4128184,0.0045,0.0761194
-0.2593745,0.0542551,-0.0793918
-0.2284592,0.1337888,-0.1803143
-0.3340724,0.1520204,-0.2693918
-0.3258469,0.0826612,-0.3434439
-0.1535041,0.0847469,-0.2495265
0.1000612,0.1051316,-0.1161531
0.3676337,0.1107071,0.1124398
0.5052755,0.1605939,0.3989602
0.6088939,0.2652153,0.3217571
0.585299,0.3625827,-0.1113847
0.5216776,0.1950622,-0.5481592
0.1729724,0.0694061,-0.4113408
-0.1907949,0.0515592,-0.0154194
-0.4311296,0.0258551,0.1684704
-0.3706653,-0.1159469,0.3985908
-0.1869694,-0.2112745,0.438198
0.0385969,-0.223398,0.4623061
0.2877684,-0.1762592,0.3774051
0.5930071,-0.138752,0.0007031
0.6891316,-0.0273745,-0.2934724
0.4806531,0.0984,-0.3163255
0.2425429,0.1259071,-0.0772235
0.0023184,0.0131459,0.1945541
-0.2114969,-0.1404643,-0.0903347
-0.3764541,-0.069102,0.2784949
-0.3764378,-0.0229061,-0.0416571
-0.1715857,0.0717031,0.3651439
-0.0628684,0.0426061,0.0341459
0.0716235,0.0449439,0.4047061
-0.0705449,-0.0257143,-0.1722367
-0.0201153,-0.1622449,0.0494755
0.1599939,0.0603194,0.1747867
0.0996204,0.1497786,0.2842643
-0.0483051,0.08565,0.0448857
0.0395684,0.0039122,0.0643959
0.1213755,-0.1221265,0.1215837
-0.1368133,-0.051951,0.0095235
0.0066776,-0.0556296,-0.1495949
0.1329388,0.0103265,-0.1697051
0.1052857,0.0779653,-0.2020439
0.0314673,-0.0850551,-0.1292133
-0.1882867,-0.209002,0.0215898
-0.4790582,-0.1817357,0.13335
-0.4081898,-0.1728949,0.1144786
-0.1097612,-0.1315439,0.0503765
0.0515296,-0.0288041,-0.0228449
0.2579153,0.0249316,-0.4897929
0.4254776,0.0363102,-0.8604153
0.4482316,-0.0607316,-0.3543163
0.3861704,-0.1287163,0.2257673
0.1631347,-0.1598337,0.485852
-0.0833643,-0.2578224,0.4474622
-0.272901,-0.231602,0.4896408
-0.3187112,-0.2806663,0.2985051
-0.4205786,-0.2570531,0.178648
-0.3646439,0.0428653,0.623402
-0.1208122,-0.4408235,0.6788388
-0.3459,-0.5123347,0.6382214
-0.2505459,-0.5974214,-0.6403673
-0.3336398,-0.729199,-0.530399
-0.6209714,-0.480098,-0.1972378
-0.7510367,-0.3896296,-0.1934949
-0.9023867,-0.3059082,0.1156459
-0.875948,-0.2805133,-0.1224806
-0.518949,-0.0292,-0.1769469
-0.1810041,0.1078878,-0.2032837
0.1990806,0.0760092,-0.4581071
0.4831286,0.0790071,0.1260867
0.657552,0.1418031,-0.5030153
0.5044837,0.3786663,-0.5867786
0.1850255,0.3806378,-0.4391429
0.0073429,0.3795265,0.0090051
-0.227998,0.2243582,0.5266459
-0.3688929,0.042648,0.4171643
0.4492163,-0.0644276,0.6666582
1.3908888,0.2014847,1.7929173
1.1652204,0.2803143,1.8164571
0.5451316,0.1138673,1.4534888
-0.0768388,-0.0858673,1.0269265
-0.6665939,-0.0864755,0.8225235
-1.1144745,-0.1007265,0.8643786
-1.2647837,-0.153151,0.7200816
-1.3324663,-0.323099,0.3486684
-1.1534735,-0.3127765,-0.1122633
-0.7239949,-0.2455,-0.5051959
-0.4447673,-0.2564214,-0.6728929
-0.340351,-0.230552,-0.8283388
-0.2085367,-0.1427031,-0.7947439
-0.0286735,-0.0253765,-0.5643082
0.9827286,-0.300452,-0.2504449
0.6553286,-0.2680806,-0.0842684
-0.0299561,-0.0779051,-0.3315929
-0.2421929,0.1722551,-0.6221816
0.2958847,0.2700235,1.1971194
0.1022316,0.2328602,0.281601
-0.2161888,0.1864184,-0.2062898
-0.2281929,0.2758714,-0.3006592
0.3142265,0.1978653,-0.2043796
0.1755286,0.1251765,-0.0147551
0.0596867,0.1747449,0.139702
0.0429531,0.1802735,-0.0145969
-0.0314337,0.218698,-0.0447388
-0.0400184,0.1071847,-0.0939
0.0494133,-0.0176949,-0.1790214
0.0825776,-0.036248,-0.1276969
0.0294469,0.0246857,-0.0211704
-0.0448643,0.0819663,0.0721969
0.0278296,0.0477857,-0.0170755
0.0635949,0.0339449,-0.0930878
-0.0219541,0.0854765,-0.0690327
-0.088498,0.1217469,-0.0306582
-0.0249306,0.0867551,0.0173235
-0.0492,0.1044133,0.1018082
-0.0057031,0.0982,-0.0813082
-0.1336633,0.1827122,-0.0812959
-0.0713867,0.1446429,-0.0875571
0.0395367,0.0249929,-0.185851
0.0030959,0.0405041,-0.0536398
-0.0398122,0.0274765,0.0975663
-0.0265439,0.0121724,0.0959673
0.0397582,-0.0126745,0.0264347
0.0529347,0.0008776,-0.0363633
0.0627235,-0.0059898,-0.0214908
0.0313449,-0.0017745,0.0152367
-0.0362041,0.0341367,0.032352
-0.0108551,0.0120031,-0.0273214
0.0181531,-0.0307204,-0.0358316
0.0329122,-0.0489112,0.0068051
0.0087959,-0.0243286,0.0615612
-0.0544204,0.0227122,0.0989929
-0.0261,0.0188327,0.0945663
0.0249969,-0.0137796,0.0047408
0.0354469,-0.0130878,-0.0584969
0.0121571,0.0183969,-0.026402
0.0153622,0.012252,0.0156561
0.0219724,-0.0334082,0.0455408
0.0353122,-0.0573082,-0.1923633
-0.0972949,0.0357969,-0.1868908
-0.0853276,0.0441867,0.1400429
-0.0226755,0.0253561,0.1381296
-0.03205,0.0260214,0.0354
